18

L_Zygomatic_Major
-1.5700  -2.2210  7.8200
-3.8050   0.8680  6.6000 
 0.1      4.8    45.0    1.0

R_Zygomatic_Major
1.5700  -2.2210  7.8200
3.8050   0.8680  6.6000
0.1      4.8    45.0     1.0

L_Angular_Depressor
-1.5700  -2.2210  8.0250
-2.5590  -4.2770  5.3510
 0.3      4.5    65.0    1.0

R_Angular_Depressor
1.5700  -2.2210  8.0250
2.5590  -4.2770  5.3510
0.3      4.5    65.0     1.0

Left_Frontalis_Inner
-0.4870  3.6390  8.1010
-0.3540  6.2470  7.2290
 0.1     3.6    35.0     4.0

Right_Frontalis_Inner
0.4870  3.6390  8.1010
0.3540  6.2470  7.2290
0.1     3.6    35.0      4.0

Left_Frontalis_Major
-2.3810  3.8300  8.0000
-2.2440  6.3630  6.9690
0.1      3.7    65.0     0.5

Right_Frontalis_Major
2.3810  3.8300  8.0000
2.2440  6.3630  6.9690
0.1     3.7    65.0      0.5

Left_Frontalis_Outer
-3.0950  3.9700  7.8950
-3.6390  5.6480  5.9450
0.1      3.5    45.0     2.5

Right_Frontalis_Outer
3.0950  3.9700  7.8950
3.6390  5.6480  5.9450
0.1     3.5    45.0      2.5

Left_Labi_Nasi
-1.7760  -0.8340  8.2390
-1.5600  1.8870   7.3320
 0.1     5.2     35.0    3.0

Right_Labi_Nasi
1.7760  -0.8340  8.2390
1.5600   1.8870  7.3320
0.1      5.2    35.0     3.0

Left_Inner_Labi_Nasi
-1.0020  0.2170  8.4620
-0.6380  2.0840  7.6610
0.1      4.5    35.0     1.0

Right_Inner_Labi_Nasi
1.0020  0.2170  8.4620
0.6380  2.0840  7.6610
0.1     4.5     35.0     1.0

Left_Lateral_Corigator
-1.1700  4.6580  7.3560
 0.0000  3.2620  8.2080
 0.5     3.0    45.0     3.0

Right_Lateral_Corigator
1.1700  4.6580  7.3560
0.0000  3.2620  8.2080
0.5     3.0    45.0      3.0

Left_Secondary_Frontalis
-0.5840  3.0520  8.0550
-0.9910  4.8620  8.0930
0.1 4.8 45.0 1.0

Right_Secondary_Frontalis
0.5840  3.0520  8.0550
0.9910  4.8620  8.0930
0.1 4.8 45.0 1.0
