unix_timestamp	att_sp.x	att_sp.y	att_sp.z	att_sp_rm.x	att_sp_rm.y	att_sp_rm.z	pitch_IMU	roll_IMU	yaw_IMU	
1321010112971	 	 	 	 	 	 	-0.0130155	0.114487	-2.43817	
1321010113022	 	 	 	 	 	 	-0.0128784	0.114426	-2.43833	
1321010113072	 	 	 	 	 	 	-0.0127538	0.114212	-2.43848	
1321010113073	 	 	 	0	0	0	 	 	 	
1321010113173	 	 	 	 	 	 	-0.0128996	0.114408	-2.43846	
1321010113223	 	 	 	 	 	 	-0.012806	0.114374	-2.43858	
1321010113274	 	 	 	 	 	 	-0.0129177	0.114391	-2.43843	
1321010113576	 	 	 	 	 	 	-0.0130401	0.115094	-2.43847	
1321010113626	 	 	 	 	 	 	-0.0128749	0.11481	-2.43861	
1321010113677	0	0	0	0	0	0	 	 	 	
1321010113828	 	 	 	 	 	 	-0.0128452	0.114706	-2.43908	
1321010113878	 	 	 	 	 	 	-0.0128412	0.114769	-2.43923	
1321010113979	 	 	 	 	 	 	-0.0129333	0.114662	-2.43932	
1321010114231	 	 	 	 	 	 	-0.0129219	0.114641	-2.43955	
1321010114382	 	 	 	 	 	 	-0.0129546	0.114842	-2.43925	
1321010114433	 	 	 	 	 	 	-0.0129563	0.114879	-2.43926	
1321010114484	 	 	 	0	0	0	 	 	 	
1321010114585	 	 	 	 	 	 	-0.0128947	0.11515	-2.43949	
1321010114635	 	 	 	 	 	 	-0.0129245	0.115216	-2.43949	
1321010114685	 	 	 	0	0	0	 	 	 	
1321010114836	 	 	 	 	 	 	-0.0128684	0.114851	-2.43938	
1321010114886	 	 	 	 	 	 	-0.0129715	0.11487	-2.43922	
1321010114936	 	 	 	 	 	 	-0.012922	0.114735	-2.43915	
1321010114987	 	 	 	 	 	 	-0.0128662	0.114926	-2.43915	
1321010115037	 	 	 	 	 	 	-0.0127749	0.114939	-2.43914	
1321010115088	 	 	 	 	 	 	-0.0128253	0.115023	-2.43928	
1321010115189	 	 	 	 	 	 	-0.0130882	0.114949	-2.43936	
1321010115390	 	 	 	 	 	 	-0.0130977	0.115113	-2.43937	
1321010115441	 	 	 	 	 	 	-0.0129754	0.114882	-2.43945	
1321010115491	 	 	 	 	 	 	-0.0129251	0.114868	-2.43953	
1321010115492	 	 	 	0	0	0	 	 	 	
1321010115592	 	 	 	 	 	 	-0.0128604	0.114889	-2.43947	
1321010115642	 	 	 	 	 	 	-0.0128648	0.115047	-2.43948	
1321010115693	 	 	 	 	 	 	-0.0129137	0.115164	-2.43945	
1321010115844	 	 	 	 	 	 	-0.0130471	0.114952	-2.43929	
1321010115894	 	 	 	 	 	 	-0.0131224	0.115083	-2.43925	
1321010115896	 	 	 	0	0	0	 	 	 	
1321010115995	 	 	 	 	 	 	-0.0130682	0.11501	-2.43936	
1321010116398	 	 	 	 	 	 	-0.0129658	0.115136	-2.43995	
1321010116449	 	 	 	 	 	 	-0.0130088	0.115118	-2.43998	
1321010116499	 	 	 	 	 	 	-0.0130227	0.115446	-2.44001	
1321010116500	 	 	 	0	0	0	 	 	 	
1321010116600	 	 	 	 	 	 	-0.0131236	0.115502	-2.43997	
1321010116650	 	 	 	 	 	 	-0.0131325	0.115398	-2.44005	
1321010116701	 	 	 	 	 	 	-0.0131247	0.115504	-2.44005	
1321010116702	 	 	 	0	0	0	 	 	 	
1321010116751	 	 	 	 	 	 	-0.013183	0.115605	-2.44007	
1321010116802	 	 	 	 	 	 	-0.0132948	0.115684	-2.44017	
1321010116852	 	 	 	 	 	 	-0.0131523	0.11549	-2.44022	
1321010116902	 	 	 	 	 	 	-0.0131981	0.11561	-2.44018	
1321010117003	 	 	 	 	 	 	-0.0131898	0.115284	-2.44034	
1321010117104	 	 	 	 	 	 	-0.0129721	0.115201	-2.44044	
1321010117105	 	 	 	0	0	0	 	 	 	
1321010117204	 	 	 	 	 	 	-0.0129895	0.115272	-2.44047	
1321010117305	 	 	 	 	 	 	-0.0130064	0.115585	-2.44052	
1321010117406	 	 	 	 	 	 	-0.0127852	0.115776	-2.44051	
1321010117456	 	 	 	 	 	 	-0.0128844	0.115901	-2.44067	
1321010117507	 	 	 	 	 	 	-0.0128506	0.116017	-2.44061	
1321010117608	 	 	 	 	 	 	-0.0131139	0.116119	-2.4407	
1321010117708	 	 	 	 	 	 	-0.0133359	0.11634	-2.44084	
1321010117809	 	 	 	 	 	 	-0.0131914	0.116568	-2.4409	
1321010117860	 	 	 	 	 	 	-0.0132474	0.116597	-2.44104	
1321010117910	 	 	 	 	 	 	-0.0133329	0.116624	-2.44113	
1321010117911	 	 	 	0	0	0	 	 	 	
1321010117960	 	 	 	 	 	 	-0.0134208	0.116665	-2.44114	
1321010118011	 	 	 	 	 	 	-0.0133889	0.116797	-2.44112	
1321010118061	 	 	 	 	 	 	-0.0134325	0.11682	-2.4412	
1321010118112	 	 	 	 	 	 	-0.0134212	0.117028	-2.44121	
1321010118264	 	 	 	 	 	 	-0.0133786	0.117238	-2.44125	
1321010118314	 	 	 	 	 	 	-0.0132116	0.117391	-2.44131	
1321010118415	 	 	 	 	 	 	-0.0134098	0.117483	-2.44133	
1321010118465	 	 	 	 	 	 	-0.0132805	0.117499	-2.44133	
1321010118515	 	 	 	 	 	 	-0.0132904	0.117506	-2.44143	
1321010118517	 	 	 	0	0	0	 	 	 	
1321010118616	 	 	 	 	 	 	-0.0129211	0.117517	-2.44146	
1321010118666	 	 	 	 	 	 	-0.0130639	0.117517	-2.44128	
1321010118717	 	 	 	 	 	 	-0.0131648	0.117462	-2.44147	
1321010118920	 	 	 	0	0	0	 	 	 	
1321010119019	 	 	 	 	 	 	-0.0129729	0.117899	-2.44098	
1321010119070	 	 	 	 	 	 	-0.0129471	0.117661	-2.44115	
1321010119120	 	 	 	 	 	 	-0.0127925	0.11767	-2.44121	
1321010119121	 	 	 	0	0	0	 	 	 	
1321010119322	 	 	 	 	 	 	-0.0126841	0.11785	-2.44148	
1321010119372	 	 	 	 	 	 	-0.0127223	0.117645	-2.44136	
1321010119525	 	 	 	0	0	0	 	 	 	
1321010119624	 	 	 	 	 	 	-0.0128681	0.117989	-2.44122	
1321010119675	 	 	 	 	 	 	-0.0129001	0.117907	-2.44114	
1321010119725	 	 	 	 	 	 	-0.0128354	0.117853	-2.44115	
1321010119775	 	 	 	 	 	 	-0.0127634	0.117974	-2.44116	
1321010119876	 	 	 	 	 	 	-0.0127027	0.118085	-2.44125	
1321010119926	 	 	 	 	 	 	-0.012635	0.118206	-2.44121	
1321010119928	 	 	 	0	0	0	 	 	 	
1321010119977	 	 	 	 	 	 	-0.0124883	0.118012	-2.44106	
1321010120027	 	 	 	 	 	 	-0.0125995	0.118109	-2.44097	
1321010120078	 	 	 	 	 	 	-0.0126075	0.118053	-2.44091	
1321010120128	 	 	 	 	 	 	-0.012563	0.117827	-2.441	
1321010120129	 	 	 	0	0	0	 	 	 	
1321010120178	 	 	 	 	 	 	-0.0124567	0.11767	-2.44102	
1321010120279	 	 	 	 	 	 	-0.012307	0.117693	-2.44093	
1321010120330	 	 	 	 	 	 	-0.0121662	0.11762	-2.44098	
1321010120481	 	 	 	 	 	 	-0.01228	0.117641	-2.44103	
1321010120531	 	 	 	 	 	 	-0.0121706	0.117499	-2.44101	
1321010120533	 	 	 	0	0	0	 	 	 	
1321010120632	 	 	 	 	 	 	-0.0121926	0.117502	-2.44095	
1321010120682	 	 	 	 	 	 	-0.0122301	0.117705	-2.44103	
1321010120733	 	 	 	 	 	 	-0.0120333	0.117617	-2.44109	
1321010120734	 	 	 	0	0	0	 	 	 	
1321010120884	 	 	 	 	 	 	-0.0117606	0.117587	-2.44111	
1321010120934	 	 	 	 	 	 	-0.0118338	0.117771	-2.4412	
1321010121035	 	 	 	 	 	 	-0.0120331	0.118095	-2.44111	
1321010121136	 	 	 	 	 	 	-0.0119283	0.118225	-2.44131	
1321010121338	 	 	 	 	 	 	-0.0120324	0.118154	-2.44097	
1321010121438	 	 	 	 	 	 	-0.0121699	0.118311	-2.44112	
1321010121489	 	 	 	 	 	 	-0.0123177	0.1184	-2.4411	
1321010121539	 	 	 	 	 	 	-0.0121793	0.118253	-2.44097	
1321010121691	 	 	 	 	 	 	-0.0123988	0.118178	-2.44092	
1321010121741	 	 	 	 	 	 	-0.0123282	0.118095	-2.44085	
1321010121743	0	0	0	 	 	 	 	 	 	
1321010121791	 	 	 	 	 	 	-0.0123399	0.118105	-2.44071	
1321010121842	 	 	 	 	 	 	-0.0123185	0.118068	-2.44047	
1321010121944	 	 	 	0	0	0	 	 	 	
1321010122043	 	 	 	 	 	 	-0.0121173	0.118033	-2.44027	
1321010122094	 	 	 	 	 	 	-0.0121994	0.118311	-2.44015	
1321010122144	 	 	 	 	 	 	-0.0122498	0.118498	-2.44021	
1321010122346	 	 	 	 	 	 	-0.0123112	0.118214	-2.44024	
1321010122347	 	 	 	0	0	0	 	 	 	
1321010122446	 	 	 	 	 	 	-0.0122849	0.118302	-2.44005	
1321010122497	 	 	 	 	 	 	-0.0122606	0.118202	-2.43997	
1321010122547	 	 	 	 	 	 	-0.0121603	0.118287	-2.44009	
1321010122549	 	 	 	0	0	0	 	 	 	
1321010122648	 	 	 	 	 	 	-0.012366	0.11829	-2.43997	
1321010122699	 	 	 	 	 	 	-0.0123139	0.118265	-2.43996	
1321010122749	 	 	 	 	 	 	-0.0121673	0.117971	-2.43995	
1321010122850	 	 	 	 	 	 	-0.0121547	0.118348	-2.43982	
1321010122951	 	 	 	 	 	 	-0.0123462	0.118416	-2.43984	
1321010123001	 	 	 	 	 	 	-0.0123123	0.118682	-2.43979	
1321010123102	 	 	 	 	 	 	-0.0123503	0.118605	-2.43967	
1321010123152	 	 	 	 	 	 	-0.0123425	0.118535	-2.43975	
1321010123154	 	 	 	0	0	0	 	 	 	
1321010123304	 	 	 	 	 	 	-0.0122752	0.11834	-2.44002	
1321010123354	 	 	 	 	 	 	-0.0124228	0.118196	-2.44023	
1321010123455	 	 	 	 	 	 	-0.0124763	0.118581	-2.43993	
1321010123505	 	 	 	 	 	 	-0.0125731	0.118657	-2.43993	
1321010123555	 	 	 	 	 	 	-0.0125249	0.118691	-2.44	
1321010123557	 	 	 	0	0	0	 	 	 	
1321010123656	 	 	 	 	 	 	-0.0125405	0.118655	-2.43988	
1321010123706	 	 	 	 	 	 	-0.0124785	0.118784	-2.43994	
1321010123757	 	 	 	0	0	0	 	 	 	
1321010123858	 	 	 	 	 	 	-0.0126353	0.118931	-2.4396	
1321010123908	 	 	 	 	 	 	-0.0124998	0.119076	-2.43941	
1321010123958	 	 	 	 	 	 	-0.0123753	0.119029	-2.43942	
1321010124110	 	 	 	 	 	 	-0.0122928	0.119064	-2.43903	
1321010124160	 	 	 	 	 	 	-0.0123107	0.118991	-2.43895	
1321010124162	0	0	0	 	 	 	 	 	 	
1321010124311	 	 	 	 	 	 	-0.0126938	0.119453	-2.43886	
1321010124362	 	 	 	 	 	 	-0.0128305	0.11932	-2.43892	
1321010124412	 	 	 	 	 	 	-0.0127456	0.119334	-2.43894	
1321010124462	 	 	 	 	 	 	-0.0129154	0.119374	-2.4388	
1321010124513	 	 	 	 	 	 	-0.0129025	0.119336	-2.43889	
1321010124563	 	 	 	 	 	 	-0.0129261	0.119436	-2.4389	
1321010124664	 	 	 	 	 	 	-0.0128812	0.119354	-2.43898	
1321010124715	 	 	 	 	 	 	-0.0130186	0.119418	-2.43895	
1321010124765	 	 	 	 	 	 	-0.0131974	0.119651	-2.43895	
1321010124766	 	 	 	0	0	0	 	 	 	
1321010124865	 	 	 	 	 	 	-0.0130675	0.119806	-2.43888	
1321010124916	 	 	 	 	 	 	-0.0131184	0.119753	-2.43877	
1321010124967	 	 	 	0	0	0	 	 	 	
1321010125067	 	 	 	 	 	 	-0.0131901	0.119673	-2.43851	
1321010125169	 	 	 	 	 	 	-0.0132459	0.119833	-2.43825	
1321010125470	 	 	 	 	 	 	-0.0134449	0.119905	-2.43821	
1321010125520	 	 	 	 	 	 	-0.013382	0.119888	-2.43812	
1321010125571	 	 	 	 	 	 	-0.0132571	0.11982	-2.43815	
1321010125573	0	0	0	 	 	 	 	 	 	
1321010125621	 	 	 	 	 	 	-0.0132806	0.119844	-2.43825	
1321010125671	 	 	 	 	 	 	-0.0133338	0.119872	-2.43823	
1321010125722	 	 	 	 	 	 	-0.0132922	0.11991	-2.43835	
1321010125772	 	 	 	 	 	 	-0.013181	0.119889	-2.43824	
1321010125924	 	 	 	 	 	 	-0.0127986	0.120057	-2.43803	
1321010125974	 	 	 	 	 	 	-0.0127248	0.120267	-2.43802	
1321010125975	 	 	 	0	0	0	 	 	 	
1321010126175	 	 	 	 	 	 	-0.0124545	0.120431	-2.43809	
1321010126276	 	 	 	 	 	 	-0.0124928	0.120232	-2.43801	
1321010126326	 	 	 	 	 	 	-0.0124404	0.12011	-2.43802	
1321010126377	 	 	 	 	 	 	-0.0123627	0.120221	-2.43783	
1321010126378	 	 	 	0	0	0	 	 	 	
1321010126528	 	 	 	 	 	 	-0.0121698	0.119967	-2.43767	
1321010126578	 	 	 	 	 	 	-0.0122194	0.120049	-2.43785	
1321010126580	 	 	 	0	0	0	 	 	 	
1321010126881	 	 	 	 	 	 	-0.0121132	0.120361	-2.43776	
1321010126931	 	 	 	 	 	 	-0.012151	0.120497	-2.4378	
1321010126983	 	 	 	0	0	0	 	 	 	
1321010127385	 	 	 	 	 	 	-0.0121682	0.120327	-2.43708	
1321010127387	 	 	 	0	0	0	 	 	 	
1321010127486	 	 	 	 	 	 	-0.0122788	0.120352	-2.43708	
1321010127537	 	 	 	 	 	 	-0.0122487	0.120351	-2.43694	
1321010127587	 	 	 	 	 	 	-0.0122348	0.120635	-2.43691	
1321010127788	 	 	 	 	 	 	-0.0124668	0.120207	-2.43666	
1321010127790	 	 	 	0	0	0	 	 	 	
1321010127839	 	 	 	 	 	 	-0.0123158	0.120159	-2.43668	
1321010127889	 	 	 	 	 	 	-0.0121571	0.12014	-2.43658	
1321010127940	 	 	 	 	 	 	-0.0121904	0.12027	-2.43659	
1321010127993	 	 	 	0	0	0	 	 	 	
1321010128142	 	 	 	 	 	 	-0.0122585	0.120421	-2.43611	
1321010128192	 	 	 	 	 	 	-0.0121145	0.120443	-2.43615	
1321010128193	 	 	 	0	0	0	 	 	 	
1321010128343	 	 	 	 	 	 	-0.0123188	0.120557	-2.43617	
1321010128595	 	 	 	 	 	 	-0.0120785	0.120995	-2.43613	
1321010128696	 	 	 	 	 	 	-0.0121852	0.121085	-2.43603	
1321010128747	 	 	 	 	 	 	-0.0120752	0.120952	-2.43601	
1321010128797	 	 	 	 	 	 	-0.0120051	0.120919	-2.43577	
1321010128798	 	 	 	0	0	0	 	 	 	
1321010128847	 	 	 	 	 	 	-0.0119821	0.121054	-2.43578	
1321010128898	 	 	 	 	 	 	-0.0121597	0.121372	-2.43574	
1321010128948	 	 	 	 	 	 	-0.012143	0.121327	-2.4356	
1321010128998	 	 	 	 	 	 	-0.0122574	0.121338	-2.43562	
1321010129000	 	 	 	0	0	0	 	 	 	
1321010129150	 	 	 	 	 	 	-0.0121329	0.121693	-2.43539	
1321010129200	 	 	 	 	 	 	-0.0121809	0.121654	-2.43542	
1321010129402	 	 	 	 	 	 	-0.0123177	0.121793	-2.43526	
1321010129503	 	 	 	 	 	 	-0.0124539	0.122014	-2.43528	
1321010129553	 	 	 	 	 	 	-0.0124768	0.121945	-2.43532	
1321010129603	 	 	 	 	 	 	-0.0125428	0.1219	-2.43528	
1321010129605	 	 	 	0	0	0	 	 	 	
1321010129654	 	 	 	 	 	 	-0.0125	0.121962	-2.43526	
1321010129704	 	 	 	 	 	 	-0.0124455	0.122036	-2.43515	
1321010129755	 	 	 	 	 	 	-0.0124018	0.12212	-2.43512	
1321010129805	 	 	 	 	 	 	-0.0124742	0.122125	-2.43498	
1321010129906	 	 	 	 	 	 	-0.0123604	0.121819	-2.43477	
1321010129956	 	 	 	 	 	 	-0.0124792	0.121743	-2.43468	
1321010130007	 	 	 	 	 	 	-0.0125231	0.121814	-2.43462	
1321010130108	 	 	 	 	 	 	-0.012725	0.121639	-2.43449	
1321010130158	 	 	 	 	 	 	-0.0128077	0.121735	-2.43441	
1321010130208	 	 	 	 	 	 	-0.0126218	0.121569	-2.43458	
1321010130210	 	 	 	0	0	0	 	 	 	
1321010130309	 	 	 	 	 	 	-0.0126722	0.121492	-2.43432	
1321010130360	 	 	 	 	 	 	-0.0128196	0.12126	-2.43422	
1321010130410	 	 	 	 	 	 	-0.0127588	0.121334	-2.4341	
1321010130561	 	 	 	 	 	 	-0.0127723	0.121325	-2.43381	
1321010130612	 	 	 	 	 	 	-0.0127139	0.121586	-2.43369	
1321010130613	 	 	 	-0.017	-0.003	0.005	 	 	 	
1321010130662	 	 	 	 	 	 	-0.0127612	0.121624	-2.4336	
1321010130712	 	 	 	 	 	 	-0.0126983	0.121609	-2.4337	
1321010130763	 	 	 	 	 	 	-0.0126341	0.121607	-2.43358	
1321010130813	 	 	 	 	 	 	-0.0125296	0.121542	-2.43354	
1321010130815	 	 	 	-0.017	-0.003	0.005	 	 	 	
1321010130864	 	 	 	 	 	 	-0.0125675	0.121627	-2.43342	
1321010130914	 	 	 	 	 	 	-0.0125626	0.121644	-2.43344	
1321010130964	 	 	 	 	 	 	-0.0123952	0.121547	-2.43339	
1321010131015	 	 	 	 	 	 	-0.0123522	0.121713	-2.43324	
1321010131017	-0.018	-0.001	0.095	 	 	 	 	 	 	
1321010131166	 	 	 	 	 	 	-0.0123074	0.12205	-2.43296	
1321010131217	 	 	 	 	 	 	-0.012157	0.122307	-2.433	
1321010131218	 	 	 	-0.017	-0.002	0	 	 	 	
1321010131318	 	 	 	 	 	 	-0.0122766	0.122648	-2.43301	
1321010131368	 	 	 	 	 	 	-0.0124672	0.122536	-2.433	
1321010131418	 	 	 	 	 	 	-0.0124977	0.122495	-2.43287	
1321010131420	 	 	 	-0.017	-0.002	0.005	 	 	 	
1321010131469	 	 	 	 	 	 	-0.0125001	0.122496	-2.43268	
1321010131519	 	 	 	 	 	 	-0.0125349	0.122623	-2.43249	
1321010131570	 	 	 	 	 	 	-0.0125005	0.122516	-2.43228	
1321010131620	 	 	 	 	 	 	-0.0125791	0.122568	-2.43217	
1321010131721	 	 	 	 	 	 	-0.0126027	0.122451	-2.43199	
1321010131771	 	 	 	 	 	 	-0.012553	0.122234	-2.43196	
1321010131822	 	 	 	 	 	 	-0.0124797	0.122158	-2.43185	
1321010131823	 	 	 	-0.017	-0.002	0	 	 	 	
1321010131922	 	 	 	 	 	 	-0.0122357	0.122073	-2.43183	
1321010131973	 	 	 	 	 	 	-0.0121508	0.12202	-2.43182	
1321010132175	 	 	 	 	 	 	-0.0122708	0.121746	-2.43174	
1321010132225	 	 	 	 	 	 	-0.0121687	0.121593	-2.43162	
1321010132376	 	 	 	 	 	 	-0.0121097	0.121787	-2.43125	
1321010132426	 	 	 	 	 	 	-0.0123451	0.121771	-2.43121	
1321010132428	 	 	 	-0.018	-0.002	0.005	 	 	 	
1321010132527	 	 	 	 	 	 	-0.0123424	0.121763	-2.43119	
1321010132578	 	 	 	 	 	 	-0.0123793	0.121801	-2.43112	
1321010132628	 	 	 	 	 	 	-0.0124094	0.121713	-2.43099	
1321010132729	 	 	 	 	 	 	-0.0124829	0.121857	-2.43074	
1321010132779	 	 	 	 	 	 	-0.012398	0.122134	-2.43063	
1321010132830	 	 	 	 	 	 	-0.0123897	0.122161	-2.43065	
1321010132831	 	 	 	-0.02	-0.002	0.01	 	 	 	
1321010132981	 	 	 	 	 	 	-0.012436	0.122182	-2.43046	
1321010133031	 	 	 	 	 	 	-0.0123891	0.122364	-2.43026	
1321010133032	 	 	 	-0.019	-0.003	0.01	 	 	 	
1321010133183	 	 	 	 	 	 	-0.0123873	0.122332	-2.43023	
1321010133236	-0.019	-0.003	0.095	 	 	 	 	 	 	
1321010133334	 	 	 	 	 	 	-0.0122489	0.122291	-2.43001	
1321010133586	 	 	 	 	 	 	-0.0120947	0.122449	-2.42936	
1321010133636	 	 	 	 	 	 	-0.0119976	0.122463	-2.4295	
1321010133637	 	 	 	-0.02	-0.003	1.115	 	 	 	
1321010133787	 	 	 	 	 	 	-0.012356	0.12274	-2.42839	
1321010133837	 	 	 	 	 	 	-0.0117819	0.122602	-2.42887	
1321010133938	 	 	 	 	 	 	-0.0122294	0.122682	-2.42741	
1321010133989	 	 	 	 	 	 	-0.0113901	0.122774	-2.43079	
1321010134291	 	 	 	 	 	 	-0.0116206	0.123109	-2.42928	
1321010134342	 	 	 	 	 	 	-0.0113903	0.123013	-2.43051	
1321010134593	 	 	 	 	 	 	-0.0113679	0.123287	-2.42903	
1321010134644	 	 	 	 	 	 	-0.0109043	0.123259	-2.43046	
1321010134845	 	 	 	 	 	 	-0.0110047	0.122258	-2.42884	
1321010134946	 	 	 	 	 	 	-0.0106651	0.122058	-2.4295	
1321010134997	 	 	 	 	 	 	-0.0108387	0.121707	-2.42931	
1321010135047	 	 	 	 	 	 	-0.0110491	0.121976	-2.42978	
1321010135350	 	 	 	 	 	 	-0.0111558	0.121456	-2.4295	
1321010135400	 	 	 	 	 	 	-0.0114085	0.121633	-2.42944	
1321010135450	 	 	 	 	 	 	-0.0114938	0.121716	-2.42902	
1321010135551	 	 	 	 	 	 	-0.0111898	0.121572	-2.42924	
1321010135602	 	 	 	 	 	 	-0.0114155	0.121108	-2.42913	
1321010135652	 	 	 	 	 	 	-0.0114017	0.121405	-2.42893	
1321010137063	 	 	 	 	 	 	-0.00975737	0.119277	-2.42643	
1321010137214	 	 	 	 	 	 	-0.0103863	0.118935	-2.42561	
1321010137265	 	 	 	 	 	 	-0.0104764	0.119183	-2.42553	
1321010137366	 	 	 	 	 	 	-0.00961419	0.11897	-2.42613	
1321010137466	 	 	 	 	 	 	-0.00990083	0.119455	-2.42541	
1321010137517	 	 	 	 	 	 	-0.00995673	0.117823	-2.42534	
1321010137769	 	 	 	 	 	 	-0.00779321	0.119263	-2.42405	
1321010137869	 	 	 	 	 	 	-0.00697762	0.116422	-2.42269	
1321010138021	 	 	 	 	 	 	-0.00893977	0.109445	-2.42643	
1321010138223	 	 	 	 	 	 	-0.0103756	0.1212	-2.42353	
1321010138274	 	 	 	-0.018	-0.006	0.03	 	 	 	
1321010138424	 	 	 	 	 	 	-0.0102995	0.119442	-2.42383	
1321010138474	 	 	 	 	 	 	-0.00968298	0.118872	-2.42401	
1321010138575	 	 	 	 	 	 	-0.00987858	0.118419	-2.42462	
1321010138626	 	 	 	 	 	 	-0.0103553	0.11964	-2.42531	
1321010138676	 	 	 	 	 	 	-0.0109596	0.120981	-2.42537	
1321010138777	 	 	 	 	 	 	-0.00946027	0.119425	-2.42602	
1321010138827	 	 	 	 	 	 	-0.00885449	0.117138	-2.42631	
1321010138978	 	 	 	 	 	 	-0.00798968	0.118485	-2.42755	
1321010139028	 	 	 	 	 	 	-0.00925896	0.115818	-2.42763	
1321010139079	 	 	 	 	 	 	-0.00980097	0.115425	-2.42909	
1321010139179	 	 	 	 	 	 	-0.00998395	0.115125	-2.42968	
1321010139230	 	 	 	 	 	 	-0.00905543	0.115601	-2.43211	
1321010139281	 	 	 	 	 	 	-0.00834214	0.112206	-2.43281	
1321010139381	 	 	 	 	 	 	-0.00710035	0.109307	-2.43921	
1321010139432	 	 	 	 	 	 	-0.00389309	0.104809	-2.44295	
1321010139482	 	 	 	 	 	 	-0.0011443	0.102666	-2.44623	
1321010139483	 	 	 	-0.003	0	0.025	 	 	 	
1321010139583	 	 	 	 	 	 	0.00525264	0.0920152	-2.4603	
1321010139633	 	 	 	 	 	 	0.00516136	0.0862327	-2.46688	
1321010139684	 	 	 	 	 	 	0.00692115	0.0814615	-2.47536	
1321010139784	 	 	 	 	 	 	0.00686461	0.0706368	-2.49461	
1321010139835	 	 	 	 	 	 	0.00862164	0.068015	-2.50477	
1321010139885	 	 	 	 	 	 	0.00961921	0.0609564	-2.52076	
1321010139886	 	 	 	0.066	0.014	0.04	 	 	 	
1321010140187	 	 	 	 	 	 	0.0215096	0.0840684	-2.62888	
1321010140338	 	 	 	 	 	 	0.0237911	0.094142	-2.67941	
1321010140388	 	 	 	 	 	 	0.0279053	0.0949784	-2.69634	
1321010140439	 	 	 	 	 	 	0.0283109	0.0952623	-2.71554	
1321010140489	 	 	 	 	 	 	0.0263045	0.0974966	-2.72823	
1321010140491	 	 	 	0.096	0.048	0.075	 	 	 	
1321010140540	 	 	 	 	 	 	0.0242805	0.0975767	-2.73845	
1321010140590	 	 	 	 	 	 	0.0265815	0.0968399	-2.75197	
1321010140640	 	 	 	 	 	 	0.0284531	0.0926723	-2.76222	
1321010140691	 	 	 	 	 	 	0.0303814	0.0943668	-2.77609	
1321010140692	 	 	 	0.06	0.062	0.16	 	 	 	
1321010140741	 	 	 	 	 	 	0.0328506	0.0887309	-2.79019	
1321010140791	 	 	 	 	 	 	0.0331982	0.0858406	-2.80232	
1321010140842	 	 	 	 	 	 	0.0331932	0.082288	-2.81052	
1321010140893	 	 	 	0.044	0.063	0.2	 	 	 	
1321010140994	 	 	 	 	 	 	0.0388211	0.0463152	-2.84148	
1321010141094	0.145	0.012	0.25	0.145	0.012	0.17	 	 	 	
1321010141145	 	 	 	 	 	 	0.0415649	0.0172748	-2.86595	
1321010141195	 	 	 	 	 	 	0.043472	0.0119116	-2.87508	
1321010141245	 	 	 	 	 	 	0.0483288	0.0174811	-2.88133	
1321010141295	 	 	 	 	 	 	0.0571113	0.031737	-2.8862	
1321010141396	 	 	 	 	 	 	0.0810023	0.0731935	-2.89586	
1321010141446	 	 	 	 	 	 	0.0843949	0.104663	-2.90142	
1321010141496	 	 	 	 	 	 	0.0833775	0.146462	-2.90273	
1321010141597	 	 	 	 	 	 	0.0774792	0.213931	-2.90046	
1321010141648	 	 	 	 	 	 	0.0681889	0.218025	-2.89879	
1321010141698	 	 	 	 	 	 	0.0564762	0.202065	-2.90003	
1321010141699	 	 	 	0.151	-0.033	0.145	 	 	 	
1321010141748	 	 	 	 	 	 	0.0443946	0.168453	-2.90217	
1321010141799	 	 	 	 	 	 	0.0355559	0.136935	-2.89935	
1321010141849	 	 	 	 	 	 	0.026859	0.111392	-2.89695	
1321010141900	 	 	 	 	 	 	0.019499	0.075482	-2.89436	
1321010141901	 	 	 	0.094	-0.042	0.14	 	 	 	
1321010142202	 	 	 	 	 	 	0.0291665	0.0502177	-2.86185	
1321010142253	 	 	 	 	 	 	0.0317318	0.0708817	-2.85203	
1321010142303	 	 	 	 	 	 	0.0345254	0.0907528	-2.84276	
1321010142304	 	 	 	0.256	-0.041	0.1	 	 	 	
1321010142504	 	 	 	 	 	 	0.0074543	0.141785	-2.81385	
1321010142506	 	 	 	0.245	-0.06	0.075	 	 	 	
1321010142706	 	 	 	 	 	 	-0.0140477	0.160498	-2.79773	
1321010142806	 	 	 	 	 	 	-0.0252614	0.172197	-2.78712	
1321010142857	 	 	 	 	 	 	-0.0283412	0.165395	-2.78292	
1321010142908	0.195	-0.057	0.14	0.195	-0.057	0.06	 	 	 	
1321010142958	 	 	 	 	 	 	-0.0338172	0.147007	-2.77641	
1321010143008	 	 	 	 	 	 	-0.0335351	0.135242	-2.77326	
1321010143058	 	 	 	 	 	 	-0.0269827	0.12211	-2.77125	
1321010143109	0.166	-0.036	0.145	0.166	-0.036	0.065	 	 	 	
1321010143260	 	 	 	 	 	 	0.021007	0.0861727	-2.75076	
1321010143310	 	 	 	 	 	 	0.0325009	0.0797779	-2.74773	
1321010143411	 	 	 	 	 	 	0.0345499	0.0867204	-2.7491	
1321010143461	 	 	 	 	 	 	0.0348303	0.103438	-2.75072	
1321010143511	 	 	 	 	 	 	0.0288623	0.116117	-2.75444	
1321010143512	 	 	 	0.271	-0.079	0.02	 	 	 	
1321010143561	 	 	 	 	 	 	0.0215739	0.13511	-2.75725	
1321010143612	 	 	 	 	 	 	0.00848372	0.153708	-2.75851	
1321010143662	 	 	 	 	 	 	-0.00171193	0.168236	-2.76019	
1321010143713	 	 	 	0.227	-0.089	0.03	 	 	 	
1321010143864	 	 	 	 	 	 	-0.0438137	0.189217	-2.76166	
1321010143915	 	 	 	0.154	-0.076	0.04	 	 	 	
1321010144016	 	 	 	 	 	 	-0.0434566	0.110323	-2.76256	
1321010144066	 	 	 	 	 	 	-0.0389132	0.0874771	-2.7593	
1321010144217	 	 	 	 	 	 	-0.0202972	0.0370573	-2.74874	
1321010144267	 	 	 	 	 	 	-0.0103424	0.0215952	-2.74488	
1321010144317	 	 	 	 	 	 	-0.00161159	0.0218446	-2.73935	
1321010144318	 	 	 	0.137	-0.01	0.04	 	 	 	
1321010144418	 	 	 	 	 	 	0.0210913	0.0154926	-2.72589	
1321010144469	 	 	 	 	 	 	0.030859	0.0239679	-2.7195	
1321010144620	 	 	 	 	 	 	0.0506068	0.0704565	-2.69965	
1321010144670	 	 	 	 	 	 	0.0472853	0.0813951	-2.69093	
1321010144720	 	 	 	 	 	 	0.0463052	0.0914883	-2.68346	
1321010144721	 	 	 	0.196	-0.003	0.04	 	 	 	
1321010144770	 	 	 	 	 	 	0.0489237	0.113742	-2.6723	
1321010144922	 	 	 	 	 	 	0.0476174	0.119235	-2.65613	
1321010144924	 	 	 	0.142	-0.005	0.04	 	 	 	
1321010145475	 	 	 	 	 	 	0.00990041	0.104042	-2.57354	
1321010145526	 	 	 	 	 	 	0.000720102	0.114773	-2.56753	
1321010145677	 	 	 	 	 	 	-0.0175032	0.14082	-2.54908	
1321010145727	 	 	 	 	 	 	-0.00690512	0.132393	-2.54121	
1321010145729	 	 	 	0.153	-0.006	0.035	 	 	 	
1321010145778	 	 	 	 	 	 	-0.00441533	0.118607	-2.53676	
1321010145878	 	 	 	 	 	 	-0.00318083	0.124086	-2.52297	
1321010145929	 	 	 	 	 	 	0.00244473	0.123937	-2.51433	
1321010145979	 	 	 	 	 	 	0.00936249	0.120345	-2.50867	
1321010146029	 	 	 	 	 	 	0.0116196	0.118804	-2.50356	
1321010146282	 	 	 	 	 	 	0.00165409	0.132718	-2.48507	
1321010146383	 	 	 	 	 	 	-0.0104883	0.149074	-2.47425	
1321010146533	 	 	 	 	 	 	-0.0380297	0.137802	-2.46402	
1321010146535	 	 	 	0.124	-0.047	0.03	 	 	 	
1321010146584	 	 	 	 	 	 	-0.0436031	0.136531	-2.45817	
1321010146634	 	 	 	 	 	 	-0.0398919	0.127243	-2.45104	
1321010146685	 	 	 	 	 	 	-0.0327933	0.107088	-2.44725	
1321010146735	 	 	 	 	 	 	-0.0321156	0.0908829	-2.44767	
1321010148045	 	 	 	 	 	 	0.0061934	0.12731	-2.346	
1321010148146	 	 	 	 	 	 	0.00666594	0.121502	-2.34286	
1321010148347	 	 	 	 	 	 	0.0106125	0.0930679	-2.3272	
1321010148498	 	 	 	 	 	 	0.00633412	0.0653092	-2.31918	
1321010148548	 	 	 	 	 	 	0.00963521	0.0540092	-2.31354	
1321010148649	 	 	 	 	 	 	0.00862113	0.0551845	-2.3104	
1321010148750	 	 	 	 	 	 	-0.00303113	0.0763087	-2.30368	
1321010148751	 	 	 	0.11	-0.003	0.03	 	 	 	
1321010148801	 	 	 	 	 	 	-0.00681069	0.0841593	-2.30003	
1321010148851	 	 	 	 	 	 	-0.00426452	0.0924419	-2.29512	
1321010148901	 	 	 	 	 	 	0.00242155	0.0882862	-2.2931	
1321010148952	 	 	 	 	 	 	0.00292636	0.0900767	-2.29145	
1321010148953	 	 	 	0.125	-0.003	0.03	 	 	 	
1321010149052	 	 	 	 	 	 	0.000380293	0.106844	-2.28076	
1321010149102	 	 	 	 	 	 	-0.0062083	0.123865	-2.27496	
1321010149153	 	 	 	 	 	 	-0.00363889	0.128313	-2.26992	
1321010149203	 	 	 	 	 	 	-0.00273482	0.115918	-2.2714	
1321010149405	 	 	 	 	 	 	-0.00524019	0.116895	-2.25857	
1321010149455	 	 	 	 	 	 	-0.00556793	0.114031	-2.25826	
1321010149506	 	 	 	 	 	 	-0.00363883	0.125346	-2.24797	
1321010149556	 	 	 	 	 	 	0.0019294	0.1224	-2.24287	
1321010149557	 	 	 	0.115	-0.004	0.035	 	 	 	
1321010149606	 	 	 	 	 	 	0.00129523	0.115305	-2.24158	
1321010149657	 	 	 	 	 	 	9.47255e-05	0.111995	-2.23868	
1321010149707	 	 	 	 	 	 	-0.00484094	0.106958	-2.24248	
1321010149757	 	 	 	 	 	 	-0.0108439	0.114921	-2.23921	
1321010149858	 	 	 	 	 	 	-0.0129412	0.108067	-2.23493	
1321010149909	 	 	 	 	 	 	-0.0062341	0.107576	-2.23147	
1321010149959	 	 	 	 	 	 	-0.00446965	0.104669	-2.22883	
1321010149960	 	 	 	0.113	-0.005	0.03	 	 	 	
1321010150060	 	 	 	 	 	 	0.000621797	0.100364	-2.22144	
1321010150110	 	 	 	 	 	 	-0.00585202	0.0980788	-2.22257	
1321010150161	 	 	 	 	 	 	-0.0127011	0.101688	-2.22118	
1321010150162	 	 	 	0.101	-0.003	0.03	 	 	 	
1321010150262	 	 	 	 	 	 	-0.0131299	0.10071	-2.21521	
1321010150366	0.079	0.016	0.11	 	 	 	 	 	 	
1321010150464	 	 	 	 	 	 	0.00790882	0.079734	-2.20593	
1321010150514	 	 	 	 	 	 	0.0195337	0.0751003	-2.20096	
1321010150565	 	 	 	 	 	 	0.0238268	0.0688408	-2.19931	
1321010150666	 	 	 	 	 	 	0.0345493	0.0642653	-2.19595	
1321010150716	 	 	 	 	 	 	0.0372342	0.0654941	-2.19389	
1321010150766	 	 	 	 	 	 	0.0455609	0.0732002	-2.18724	
1321010151069	 	 	 	 	 	 	0.0309407	0.0982847	-2.17669	
1321010151119	 	 	 	 	 	 	0.012286	0.111345	-2.17894	
1321010151170	 	 	 	 	 	 	-0.000902055	0.125958	-2.17998	
1321010151171	0.1	-0.003	0.11	0.1	-0.003	0.03	 	 	 	
1321010151220	 	 	 	 	 	 	-0.0123594	0.123193	-2.18283	
1321010151270	 	 	 	 	 	 	-0.0194536	0.128053	-2.18111	
1321010151321	 	 	 	 	 	 	-0.0201514	0.122085	-2.18003	
1321010151371	 	 	 	 	 	 	-0.0199996	0.125605	-2.18021	
1321010151421	 	 	 	 	 	 	-0.0168536	0.122102	-2.1828	
1321010151472	 	 	 	 	 	 	-0.016051	0.122078	-2.18447	
1321010151522	 	 	 	 	 	 	-0.00756692	0.114587	-2.18183	
1321010151573	 	 	 	 	 	 	-0.000342099	0.0987539	-2.18199	
1321010151574	0.034	0.029	0.12	 	 	 	 	 	 	
1321010151673	 	 	 	 	 	 	0.0210942	0.0663892	-2.18198	
1321010151724	 	 	 	 	 	 	0.032453	0.052431	-2.17743	
1321010151774	 	 	 	 	 	 	0.0385516	0.0387719	-2.17621	
1321010151775	 	 	 	0.031	0.027	0.05	 	 	 	
1321010151875	 	 	 	 	 	 	0.0483535	0.0224387	-2.1756	
1321010152077	 	 	 	 	 	 	0.00751577	0.0516942	-2.1732	
1321010152278	 	 	 	 	 	 	-0.0254913	0.097842	-2.17409	
1321010152329	 	 	 	 	 	 	-0.0210778	0.103207	-2.16762	
1321010152379	 	 	 	 	 	 	-0.0162414	0.0982308	-2.16388	
1321010152381	 	 	 	0.077	-0.003	0.03	 	 	 	
1321010152480	 	 	 	 	 	 	-0.0122795	0.0939977	-2.15788	
1321010152531	 	 	 	 	 	 	-0.0178742	0.0909546	-2.15858	
1321010152581	 	 	 	 	 	 	-0.0221692	0.0927705	-2.15246	
1321010152732	 	 	 	 	 	 	-0.03428	0.0951592	-2.14711	
1321010152783	 	 	 	 	 	 	-0.0347357	0.0987557	-2.14386	
1321010152784	 	 	 	0.091	-0.003	0.03	 	 	 	
1321010152833	 	 	 	 	 	 	-0.0303347	0.0996863	-2.13852	
1321010152884	 	 	 	 	 	 	-0.0271679	0.0969528	-2.13581	
1321010152934	 	 	 	 	 	 	-0.0202466	0.0983582	-2.13325	
1321010152984	 	 	 	 	 	 	-0.0143068	0.0968671	-2.13453	
1321010152986	 	 	 	0.091	-0.002	0.02	 	 	 	
1321010153035	 	 	 	 	 	 	-0.0106732	0.102812	-2.13019	
1321010153136	 	 	 	 	 	 	-0.00581926	0.107285	-2.12693	
1321010153186	 	 	 	 	 	 	-0.000181762	0.110883	-2.12538	
1321010153287	 	 	 	 	 	 	0.0117608	0.1022	-2.11957	
1321010153337	 	 	 	 	 	 	0.0144952	0.105421	-2.11583	
1321010153388	 	 	 	 	 	 	0.0134628	0.1086	-2.1093	
1321010153390	0.104	-0.003	0.105	 	 	 	 	 	 	
1321010153589	 	 	 	 	 	 	0.00416272	0.105319	-2.08743	
1321010153690	 	 	 	 	 	 	-0.00925893	0.116111	-2.08171	
1321010153791	 	 	 	 	 	 	0.0057945	0.123413	-2.06602	
1321010153841	 	 	 	 	 	 	0.0127092	0.136539	-2.05433	
1321010153942	 	 	 	 	 	 	0.0258414	0.139886	-2.03369	
1321010153992	 	 	 	 	 	 	0.0325838	0.124274	-2.02798	
1321010154345	 	 	 	 	 	 	0.0608243	0.0848216	-1.95859	
1321010154396	 	 	 	 	 	 	0.0521474	0.0926844	-1.95168	
1321010154496	 	 	 	 	 	 	0.0379638	0.129127	-1.92981	
1321010154547	 	 	 	 	 	 	0.0320867	0.144801	-1.91738	
1321010154597	 	 	 	 	 	 	0.0263801	0.162842	-1.90563	
1321010154598	 	 	 	0.194	0.027	0.025	 	 	 	
1321010154648	 	 	 	 	 	 	0.0216236	0.171378	-1.89891	
1321010154698	 	 	 	 	 	 	0.0101266	0.178516	-1.89223	
1321010154748	 	 	 	 	 	 	-0.00637789	0.196879	-1.88203	
1321010154799	 	 	 	 	 	 	-0.0160038	0.209636	-1.87324	
1321010154800	 	 	 	0.187	0.002	0.02	 	 	 	
1321010155101	 	 	 	 	 	 	-0.0396488	0.157693	-1.8166	
1321010155152	 	 	 	 	 	 	-0.0290765	0.137185	-1.80136	
1321010155202	 	 	 	 	 	 	-0.0184522	0.119128	-1.78679	
1321010155203	 	 	 	0.098	0.006	0.025	 	 	 	
1321010155353	 	 	 	 	 	 	5.00181e-05	0.0827146	-1.75829	
1321010155403	 	 	 	 	 	 	0.00825605	0.0835574	-1.74807	
1321010155405	 	 	 	0.112	-0.013	0.02	 	 	 	
1321010155504	 	 	 	 	 	 	0.019598	0.0754152	-1.73678	
1321010155554	 	 	 	 	 	 	0.0162096	0.0802578	-1.73356	
1321010155605	 	 	 	 	 	 	0.00386293	0.0857671	-1.72996	
1321010155705	 	 	 	 	 	 	-0.0349526	0.0972649	-1.72786	
1321010155755	 	 	 	 	 	 	-0.049519	0.117372	-1.72477	
1321010155806	 	 	 	 	 	 	-0.0608926	0.138176	-1.72087	
1321010155807	 	 	 	0.18	-0.072	0.015	 	 	 	
1321010155856	 	 	 	 	 	 	-0.0697614	0.148795	-1.72192	
1321010155907	 	 	 	 	 	 	-0.0838169	0.16073	-1.72269	
1321010155957	 	 	 	 	 	 	-0.0923611	0.173267	-1.721	
1321010156007	 	 	 	 	 	 	-0.0965254	0.172653	-1.72493	
1321010156009	 	 	 	0.182	-0.055	-0.155	 	 	 	
1321010156108	 	 	 	 	 	 	-0.0956637	0.176595	-1.74321	
1321010156158	 	 	 	 	 	 	-0.0826405	0.175761	-1.75602	
1321010156209	 	 	 	 	 	 	-0.0712676	0.176265	-1.76171	
1321010156410	 	 	 	 	 	 	-0.0541692	0.124049	-1.81384	
1321010156511	 	 	 	 	 	 	-0.0550404	0.0770711	-1.84121	
1321010156561	 	 	 	 	 	 	-0.061306	0.0587894	-1.85769	
1321010156612	 	 	 	 	 	 	-0.0672505	0.0526133	-1.871	
1321010156613	 	 	 	0.034	-0.133	-0.13	 	 	 	
1321010156713	 	 	 	 	 	 	-0.0771043	0.0186554	-1.90232	
1321010156763	 	 	 	 	 	 	-0.083883	0.00781871	-1.92007	
1321010156813	 	 	 	 	 	 	-0.0872211	-0.000982594	-1.93074	
1321010156864	 	 	 	 	 	 	-0.0819889	-0.0160139	-1.94157	
1321010157015	 	 	 	 	 	 	-0.0526482	-0.057442	-1.97481	
1321010157016	 	 	 	-0.015	0.024	-0.035	 	 	 	
1321010157166	 	 	 	 	 	 	0.0255391	-0.0677918	-1.99398	
1321010157367	 	 	 	 	 	 	0.178312	-0.00391668	-2.00253	
1321010157418	 	 	 	 	 	 	0.201376	0.0201496	-2.00694	
1321010157519	 	 	 	 	 	 	0.214294	0.0736329	-2.01391	
1321010157569	 	 	 	 	 	 	0.208127	0.112726	-2.01463	
1321010157619	 	 	 	 	 	 	0.190002	0.130209	-2.0225	
1321010157621	 	 	 	0.163	0.074	-0.045	 	 	 	
1321010157720	 	 	 	 	 	 	0.150994	0.173387	-2.02088	
1321010157771	 	 	 	 	 	 	0.129117	0.193029	-2.02234	
1321010157821	 	 	 	 	 	 	0.106665	0.212395	-2.02532	
1321010158023	 	 	 	 	 	 	0.0560061	0.194757	-2.0409	
1321010158024	 	 	 	0.046	0.037	-0.025	 	 	 	
1321010158174	 	 	 	 	 	 	0.0346133	0.103376	-2.05247	
1321010158225	 	 	 	 	 	 	0.0386514	0.0806038	-2.05372	
1321010158226	 	 	 	0.026	0.059	-0.015	 	 	 	
1321010158426	 	 	 	 	 	 	0.0651467	0.0638704	-2.03976	
1321010158527	 	 	 	 	 	 	0.0860922	0.0754023	-2.03077	
1321010158628	 	 	 	 	 	 	0.100262	0.0937233	-2.01865	
1321010158629	 	 	 	0.083	0.076	-0.035	 	 	 	
1321010158678	 	 	 	 	 	 	0.104096	0.109232	-2.00991	
1321010158930	 	 	 	 	 	 	0.0823923	0.118368	-1.9809	
1321010158980	 	 	 	 	 	 	0.0756715	0.110633	-1.97933	
1321010159031	 	 	 	 	 	 	0.0690224	0.110608	-1.97448	
1321010159132	 	 	 	 	 	 	0.0339682	0.091423	-1.96979	
1321010159182	 	 	 	 	 	 	-0.0136739	0.0761397	-1.96838	
1321010159233	 	 	 	 	 	 	-0.04353	0.0739642	-1.96703	
1321010159234	 	 	 	0.096	0.064	-0.01	 	 	 	
1321010159283	 	 	 	 	 	 	-0.0495489	0.0795721	-1.96609	
1321010159333	 	 	 	 	 	 	-0.0399737	0.0891871	-1.96066	
1321010159383	 	 	 	 	 	 	-0.0125027	0.0764336	-1.95115	
1321010159434	 	 	 	 	 	 	-0.00737069	0.0799024	-1.94389	
1321010159585	 	 	 	 	 	 	0.00660183	0.0749777	-1.94328	
1321010159635	 	 	 	 	 	 	0.00221407	0.079784	-1.94432	
1321010159938	 	 	 	 	 	 	-0.00171733	0.0776691	-1.94726	
1321010159988	 	 	 	 	 	 	-0.00301185	0.078951	-1.94776	
1321010160038	 	 	 	 	 	 	-0.0020067	0.079435	-1.94739	
1321010160189	 	 	 	 	 	 	-0.00215658	0.0804189	-1.94885	
1321010160240	 	 	 	 	 	 	-0.00262083	0.0806089	-1.94889	
1321010160442	 	 	 	 	 	 	-0.00230267	0.0822638	-1.95013	
1321010160542	 	 	 	 	 	 	-0.00159897	0.0830812	-1.95036	
1321010160593	 	 	 	 	 	 	-0.00137669	0.0832083	-1.95078	
1321010160643	 	 	 	 	 	 	-0.00195242	0.0834501	-1.95125	
1321010160694	 	 	 	 	 	 	-0.00235893	0.0837274	-1.95154	
1321010160744	 	 	 	 	 	 	-0.00216185	0.0842583	-1.95155	
1321010160996	 	 	 	 	 	 	-0.00188976	0.0854002	-1.9534	
1321010161046	 	 	 	 	 	 	-0.00199589	0.0856929	-1.95346	
1321010161147	 	 	 	 	 	 	-0.00273906	0.0861161	-1.95437	
1321010161198	 	 	 	 	 	 	-0.00269462	0.0862728	-1.95474	
1321010161249	 	 	 	 	 	 	-0.00239999	0.0865935	-1.95503	
1321010161349	 	 	 	 	 	 	-0.00289302	0.0868613	-1.95583	
1321010161450	 	 	 	 	 	 	-0.00260903	0.087152	-1.95637	
1321010161551	 	 	 	 	 	 	-0.00297418	0.0872154	-1.95692	
1321010161601	 	 	 	 	 	 	-0.00302402	0.0873347	-1.95744	
1321010161652	 	 	 	 	 	 	-0.00292053	0.0876362	-1.95751	
1321010161752	 	 	 	 	 	 	-0.00281957	0.0878703	-1.95806	
1321010161803	 	 	 	 	 	 	-0.00305618	0.0878014	-1.9584	
1321010161853	 	 	 	 	 	 	-0.00316168	0.0879592	-1.95856	
1321010161954	 	 	 	 	 	 	-0.00320017	0.0882923	-1.95919	
1321010162005	 	 	 	 	 	 	-0.00346699	0.0886777	-1.95931	
1321010162055	 	 	 	 	 	 	-0.00350526	0.0886966	-1.9597	
1321010162155	 	 	 	 	 	 	-0.0034667	0.0888861	-1.95993	
1321010162256	 	 	 	 	 	 	-0.00383738	0.0889398	-1.96065	
1321010162306	 	 	 	 	 	 	-0.00396883	0.0891604	-1.96106	
1321010162407	 	 	 	 	 	 	-0.00399028	0.0893172	-1.9618	
1321010162457	 	 	 	 	 	 	-0.00410552	0.0892636	-1.96205	
1321010162508	 	 	 	 	 	 	-0.00416782	0.089242	-1.96245	
1321010162558	 	 	 	 	 	 	-0.00406345	0.0894605	-1.9626	
1321010162608	 	 	 	 	 	 	-0.00404341	0.0895513	-1.96286	
1321010162659	 	 	 	 	 	 	-0.00420514	0.0897176	-1.96316	
1321010162760	 	 	 	 	 	 	-0.00455197	0.0898868	-1.96387	
1321010162811	 	 	 	 	 	 	-0.00474894	0.0900117	-1.96412	
1321010162861	 	 	 	 	 	 	-0.00492814	0.0899895	-1.96442	
1321010162961	 	 	 	 	 	 	-0.00495939	0.0900601	-1.96517	
1321010163012	 	 	 	 	 	 	-0.00504792	0.0899225	-1.96551	
1321010163617	 	 	 	 	 	 	-0.00560611	0.0901935	-1.96984	
1321010163667	 	 	 	 	 	 	-0.00566792	0.0899771	-1.97022	
1321010164071	 	 	 	 	 	 	-0.00555249	0.0901975	-1.97307	
1321010164121	 	 	 	 	 	 	-0.00554368	0.0901269	-1.97351	
1321010164222	 	 	 	 	 	 	-0.00569107	0.0902542	-1.97423	
1321010164272	 	 	 	 	 	 	-0.00559763	0.0903189	-1.97452	
1321010164423	 	 	 	 	 	 	-0.00584866	0.0906056	-1.97563	
1321010164473	 	 	 	 	 	 	-0.00584259	0.090551	-1.97606	
1321010164524	 	 	 	 	 	 	-0.00586055	0.0907223	-1.97648	
1321010164574	 	 	 	 	 	 	-0.00574662	0.0906683	-1.97674	
1321010164625	 	 	 	 	 	 	-0.00571591	0.09069	-1.97688	
1321010164675	 	 	 	 	 	 	-0.00577095	0.0908032	-1.9772	
1321010164676	 	 	 	-0.019	-0.003	0	 	 	 	
1321010164725	 	 	 	 	 	 	-0.00590232	0.0907322	-1.97755	
1321010164878	 	 	 	-0.02	-0.001	0.01	 	 	 	
1321010164977	 	 	 	 	 	 	-0.00589997	0.0907436	-1.97931	
1321010165027	 	 	 	 	 	 	-0.00598142	0.09073	-1.97961	
1321010165078	 	 	 	 	 	 	-0.00599383	0.0908112	-1.9799	
1321010165079	 	 	 	-0.018	-0.003	0	 	 	 	
1321010165128	 	 	 	 	 	 	-0.0060029	0.090728	-1.98024	
1321010165330	 	 	 	 	 	 	-0.00617668	0.0906376	-1.98149	
1321010165380	 	 	 	 	 	 	-0.00618943	0.0909651	-1.98192	
1321010165431	 	 	 	 	 	 	-0.0062858	0.0910152	-1.98224	
1321010165481	 	 	 	 	 	 	-0.00630916	0.0910098	-1.98255	
1321010165632	 	 	 	 	 	 	-0.00664339	0.0908228	-1.98364	
1321010165683	 	 	 	 	 	 	-0.00676986	0.090802	-1.98397	
1321010165684	 	 	 	-0.016	-0.004	-0.005	 	 	 	
1321010165783	 	 	 	 	 	 	-0.00657969	0.0905593	-1.98469	
1321010165834	 	 	 	 	 	 	-0.00655728	0.0904343	-1.98507	
1321010165884	 	 	 	 	 	 	-0.00662067	0.0905265	-1.98542	
1321010165886	 	 	 	-0.018	-0.003	0	 	 	 	
1321010165935	 	 	 	 	 	 	-0.00660369	0.0903921	-1.98577	
1321010166086	 	 	 	 	 	 	-0.00681486	0.0904948	-1.98703	
1321010166186	 	 	 	 	 	 	-0.00704756	0.0906269	-1.98775	
1321010166237	 	 	 	 	 	 	-0.00707835	0.0905292	-1.98814	
1321010166589	 	 	 	 	 	 	-0.00697693	0.0909298	-1.99088	
1321010166640	 	 	 	 	 	 	-0.00694655	0.090972	-1.99116	
1321010166690	 	 	 	 	 	 	-0.00689492	0.090999	-1.99154	
1321010166841	 	 	 	 	 	 	-0.00733329	0.0909051	-1.99247	
1321010166892	 	 	 	 	 	 	-0.00726556	0.0908366	-1.99273	
1321010166893	-0.016	-0.002	0.07	 	 	 	 	 	 	
1321010166992	 	 	 	 	 	 	-0.00773998	0.0909353	-1.99351	
1321010167043	 	 	 	 	 	 	-0.00801479	0.0909133	-1.99387	
1321010167093	 	 	 	 	 	 	-0.00812995	0.0908204	-1.99419	
1321010167194	 	 	 	 	 	 	-0.00813825	0.0907711	-1.99488	
1321010167244	 	 	 	 	 	 	-0.00816346	0.0909185	-1.99529	
1321010167295	 	 	 	 	 	 	-0.00824405	0.0910089	-1.99542	
1321010167445	 	 	 	 	 	 	-0.00834843	0.0911515	-1.99634	
1321010167496	 	 	 	 	 	 	-0.00838272	0.0913534	-1.99663	
1321010167497	 	 	 	-0.017	-0.001	0.005	 	 	 	
1321010167597	 	 	 	 	 	 	-0.00838167	0.091409	-1.99738	
1321010167647	 	 	 	 	 	 	-0.00849003	0.0912809	-1.99771	
1321010167697	 	 	 	 	 	 	-0.00833761	0.0912417	-1.99809	
1321010167699	 	 	 	-0.017	-0.001	0	 	 	 	
1321010167748	 	 	 	 	 	 	-0.00831845	0.0911721	-1.99847	
1321010167798	 	 	 	 	 	 	-0.00828472	0.0914935	-1.9989	
1321010167848	 	 	 	 	 	 	-0.00832784	0.0915569	-1.99923	
1321010167899	 	 	 	 	 	 	-0.00821481	0.0916188	-1.99969	
1321010167901	-0.018	-0.001	0.085	 	 	 	 	 	 	
1321010167999	 	 	 	 	 	 	-0.00822301	0.091967	-2.00013	
1321010168050	 	 	 	 	 	 	-0.00823225	0.0923222	-2.00052	
1321010168100	 	 	 	 	 	 	-0.00836016	0.0923986	-2.00078	
1321010168102	 	 	 	-0.017	-0.001	0.005	 	 	 	
1321010168151	 	 	 	 	 	 	-0.00841439	0.0921566	-2.00105	
1321010168201	 	 	 	 	 	 	-0.00857237	0.092187	-2.00142	
1321010168251	 	 	 	 	 	 	-0.00855974	0.0922052	-2.00174	
1321010168302	 	 	 	 	 	 	-0.00876174	0.0919473	-2.00214	
1321010168403	 	 	 	 	 	 	-0.00864705	0.0919706	-2.00294	
1321010168453	 	 	 	 	 	 	-0.00888291	0.0920877	-2.00325	
1321010168654	 	 	 	 	 	 	-0.0087324	0.0915461	-2.00476	
1321010168705	 	 	 	 	 	 	-0.0088147	0.0914837	-2.00515	
1321010168706	 	 	 	-0.019	0	0.005	 	 	 	
1321010168806	 	 	 	 	 	 	-0.00896093	0.0917082	-2.00593	
1321010168908	-0.017	-0.001	0.085	 	 	 	 	 	 	
1321010169007	 	 	 	 	 	 	-0.00929796	0.0922195	-2.00735	
1321010169057	 	 	 	 	 	 	-0.00926794	0.0924302	-2.00777	
1321010169107	 	 	 	 	 	 	-0.00930154	0.0924522	-2.00815	
1321010169208	 	 	 	 	 	 	-0.00944197	0.0922219	-2.00876	
1321010169410	 	 	 	 	 	 	-0.00956114	0.0917705	-2.01015	
1321010169460	 	 	 	 	 	 	-0.00947804	0.0916211	-2.01061	
1321010169510	 	 	 	 	 	 	-0.00949069	0.0915226	-2.01092	
1321010169561	 	 	 	 	 	 	-0.00946351	0.0915733	-2.01129	
1321010169611	 	 	 	 	 	 	-0.00954481	0.091621	-2.01162	
1321010169662	 	 	 	 	 	 	-0.00957617	0.0918104	-2.01192	
1321010169712	 	 	 	 	 	 	-0.00953443	0.0918885	-2.01227	
1321010169713	 	 	 	-0.017	-0.002	0.01	 	 	 	
1321010169813	 	 	 	 	 	 	-0.00943593	0.0920237	-2.01294	
1321010169863	 	 	 	 	 	 	-0.00932351	0.0920843	-2.01335	
1321010169914	 	 	 	 	 	 	-0.00942207	0.0921937	-2.01361	
1321010169915	 	 	 	-0.017	-0.001	0.01	 	 	 	
1321010170014	 	 	 	 	 	 	-0.00959823	0.0922325	-2.01437	
1321010170065	 	 	 	 	 	 	-0.00954909	0.0922002	-2.01464	
1321010170115	 	 	 	 	 	 	-0.00957616	0.092604	-2.01501	
1321010170317	 	 	 	 	 	 	-0.0100625	0.0926189	-2.01598	
1321010170418	 	 	 	 	 	 	-0.00992064	0.09296	-2.01643	
1321010170468	 	 	 	 	 	 	-0.00990502	0.0930224	-2.01675	
1321010170518	 	 	 	 	 	 	-0.0100215	0.0932277	-2.01705	
1321010170619	 	 	 	 	 	 	-0.0100727	0.0933558	-2.01777	
1321010170670	 	 	 	 	 	 	-0.0101121	0.093466	-2.01825	
1321010170720	 	 	 	 	 	 	-0.010111	0.0935507	-2.01864	
1321010170820	 	 	 	 	 	 	-0.00999614	0.093692	-2.01929	
1321010170871	 	 	 	 	 	 	-0.0101247	0.0935975	-2.01958	
1321010170921	 	 	 	 	 	 	-0.0101377	0.0937003	-2.01996	
1321010171073	 	 	 	 	 	 	-0.00993263	0.0935294	-2.0209	
1321010171123	 	 	 	 	 	 	-0.00989625	0.0933183	-2.02117	
1321010171325	 	 	 	 	 	 	-0.00993175	0.0932079	-2.02239	
1321010171426	 	 	 	 	 	 	-0.00999685	0.0932275	-2.02292	
1321010171477	 	 	 	 	 	 	-0.00993896	0.0934057	-2.02323	
1321010171527	 	 	 	 	 	 	-0.0100022	0.0934253	-2.02351	
1321010171528	 	 	 	-0.019	-0.003	-0.005	 	 	 	
1321010171577	 	 	 	 	 	 	-0.00999775	0.093376	-2.02379	
1321010171627	 	 	 	 	 	 	-0.00993825	0.0933084	-2.02405	
1321010171678	 	 	 	 	 	 	-0.00986947	0.0931602	-2.02441	
1321010171728	 	 	 	 	 	 	-0.00997815	0.0930829	-2.02468	
1321010171729	 	 	 	-0.018	-0.003	0.005	 	 	 	
1321010171778	 	 	 	 	 	 	-0.00975073	0.0928678	-2.02502	
1321010171829	 	 	 	 	 	 	-0.00985319	0.0929879	-2.02544	
1321010171879	 	 	 	 	 	 	-0.00986557	0.0930459	-2.02562	
1321010171929	 	 	 	 	 	 	-0.00997194	0.0929734	-2.02593	
1321010172030	 	 	 	 	 	 	-0.00990841	0.093065	-2.02672	
1321010172081	 	 	 	 	 	 	-0.0098253	0.0930519	-2.02709	
1321010172131	 	 	 	 	 	 	-0.00972237	0.0929374	-2.02744	
1321010172332	 	 	 	 	 	 	-0.00943609	0.09282	-2.02905	
1321010172483	 	 	 	 	 	 	-0.00936247	0.0931747	-2.03016	
1321010172534	 	 	 	 	 	 	-0.0091964	0.0931439	-2.03047	
1321010172635	 	 	 	 	 	 	-0.0093781	0.0930696	-2.03112	
1321010172685	 	 	 	 	 	 	-0.00960746	0.0929274	-2.03131	
1321010172736	 	 	 	 	 	 	-0.00945357	0.0927711	-2.03172	
1321010172737	 	 	 	-0.019	-0.003	0.015	 	 	 	
1321010172836	 	 	 	 	 	 	-0.00921114	0.0924508	-2.03256	
1321010172887	 	 	 	 	 	 	-0.00913286	0.0922167	-2.03297	
1321010172937	 	 	 	 	 	 	-0.00916551	0.0921684	-2.03336	
1321010172938	 	 	 	-0.017	-0.004	0	 	 	 	
1321010172987	 	 	 	 	 	 	-0.00927293	0.0921092	-2.03372	
1321010173038	 	 	 	 	 	 	-0.00938324	0.0922042	-2.03411	
1321010173088	 	 	 	 	 	 	-0.00937573	0.092159	-2.03439	
1321010173138	 	 	 	 	 	 	-0.00936219	0.0921193	-2.03469	
1321010173239	 	 	 	 	 	 	-0.00943406	0.0921546	-2.03532	
1321010173290	 	 	 	 	 	 	-0.0095924	0.0921319	-2.03566	
1321010173341	 	 	 	 	 	 	-0.0096097	0.0922612	-2.03598	
1321010173342	 	 	 	-0.016	-0.003	0.01	 	 	 	
1321010173441	 	 	 	 	 	 	-0.00929007	0.0923956	-2.03667	
1321010173492	 	 	 	 	 	 	-0.00933836	0.0926507	-2.03705	
1321010173542	 	 	 	 	 	 	-0.00927356	0.0924852	-2.03725	
1321010173543	 	 	 	-0.017	-0.003	0	 	 	 	
1321010173643	 	 	 	 	 	 	-0.00932446	0.0924863	-2.03781	
1321010173693	 	 	 	 	 	 	-0.00915573	0.092603	-2.038	
1321010173744	 	 	 	 	 	 	-0.00923853	0.0926038	-2.03826	
1321010173845	 	 	 	 	 	 	-0.00934738	0.0923323	-2.03898	
1321010173895	 	 	 	 	 	 	-0.00926967	0.092451	-2.03926	
1321010173946	 	 	 	 	 	 	-0.00943959	0.0922664	-2.03956	
1321010173947	 	 	 	-0.016	-0.003	0.005	 	 	 	
1321010173996	 	 	 	 	 	 	-0.00950264	0.0923968	-2.03988	
1321010174046	 	 	 	 	 	 	-0.00953427	0.0926921	-2.0402	
1321010174097	 	 	 	 	 	 	-0.00953371	0.0926272	-2.04053	
1321010174147	 	 	 	 	 	 	-0.00939206	0.0927631	-2.04086	
1321010174148	 	 	 	-0.017	-0.003	0.005	 	 	 	
1321010174197	 	 	 	 	 	 	-0.00951265	0.0926539	-2.04116	
1321010174247	 	 	 	 	 	 	-0.0093923	0.0925584	-2.0414	
1321010174298	 	 	 	 	 	 	-0.00927249	0.0924658	-2.04165	
1321010174348	 	 	 	 	 	 	-0.0091885	0.0924796	-2.04201	
1321010174449	 	 	 	 	 	 	-0.00896676	0.0925885	-2.04259	
1321010174499	 	 	 	 	 	 	-0.00883929	0.0927311	-2.04293	
1321010174550	 	 	 	 	 	 	-0.00886151	0.0927647	-2.04313	
1321010174551	 	 	 	-0.016	-0.002	0	 	 	 	
1321010174600	 	 	 	 	 	 	-0.00872649	0.0926518	-2.04349	
1321010174651	 	 	 	 	 	 	-0.00872606	0.0927341	-2.04388	
1321010174701	 	 	 	 	 	 	-0.00880902	0.0928274	-2.04413	
1321010174751	 	 	 	 	 	 	-0.0088427	0.0927854	-2.04441	
1321010174753	 	 	 	-0.017	-0.002	0.005	 	 	 	
1321010174802	 	 	 	 	 	 	-0.008793	0.0927495	-2.0447	
1321010174852	 	 	 	 	 	 	-0.00892029	0.0928872	-2.04484	
1321010174902	 	 	 	 	 	 	-0.0088388	0.0928809	-2.0451	
1321010174953	 	 	 	 	 	 	-0.00897488	0.0929873	-2.04546	
1321010175054	 	 	 	 	 	 	-0.00905946	0.0931047	-2.04604	
1321010175104	 	 	 	 	 	 	-0.00911096	0.0932314	-2.04646	
1321010175154	 	 	 	 	 	 	-0.00893623	0.0931758	-2.0468	
1321010175156	 	 	 	-0.018	-0.001	-0.005	 	 	 	
1321010175255	 	 	 	 	 	 	-0.00878426	0.0929508	-2.04741	
1321010175306	 	 	 	 	 	 	-0.00867524	0.0930793	-2.04781	
1321010175356	 	 	 	 	 	 	-0.00854568	0.0930343	-2.04817	
1321010175457	 	 	 	 	 	 	-0.00858802	0.0928059	-2.04887	
1321010175508	 	 	 	 	 	 	-0.00848724	0.0930267	-2.04919	
1321010175558	 	 	 	 	 	 	-0.00853962	0.0930238	-2.04952	
1321010175559	 	 	 	-0.018	0	0.01	 	 	 	
1321010175709	 	 	 	 	 	 	-0.00855278	0.0930116	-2.05041	
1321010175759	 	 	 	 	 	 	-0.00846555	0.0929959	-2.05065	
1321010175761	 	 	 	-0.016	0	0.005	 	 	 	
1321010175911	 	 	 	 	 	 	-0.00844541	0.093103	-2.05171	
1321010175961	 	 	 	 	 	 	-0.00848351	0.093233	-2.05205	
1321010176062	 	 	 	 	 	 	-0.00854462	0.0932293	-2.05263	
1321010176112	 	 	 	 	 	 	-0.00857376	0.093374	-2.0531	
1321010176163	 	 	 	 	 	 	-0.00855718	0.0935572	-2.0533	
1321010176164	 	 	 	-0.016	0.009	0.01	 	 	 	
1321010176315	 	 	 	 	 	 	-0.00849375	0.0938159	-2.05409	
1321010176365	-0.016	0.009	0.09	-0.016	0.009	0.01	 	 	 	
1321010176466	 	 	 	 	 	 	-0.00837082	0.0936351	-2.05511	
1321010176516	 	 	 	 	 	 	-0.00823297	0.0936787	-2.05542	
1321010176566	 	 	 	 	 	 	-0.00826866	0.0937281	-2.05578	
1321010176616	 	 	 	 	 	 	-0.00839749	0.0937194	-2.05614	
1321010176667	 	 	 	 	 	 	-0.00829309	0.0940236	-2.05642	
1321010176717	 	 	 	 	 	 	-0.00831168	0.0939432	-2.05655	
1321010176767	 	 	 	 	 	 	-0.00823455	0.0938737	-2.05688	
1321010176918	 	 	 	 	 	 	-0.00822121	0.0936535	-2.05777	
1321010176968	 	 	 	 	 	 	-0.00817626	0.0938454	-2.058	
1321010176970	 	 	 	-0.017	0.009	0.005	 	 	 	
1321010177069	 	 	 	 	 	 	-0.00840336	0.0937825	-2.0587	
1321010177119	 	 	 	 	 	 	-0.00846917	0.0938493	-2.05882	
1321010177170	 	 	 	 	 	 	-0.00832414	0.0936547	-2.05912	
1321010177321	 	 	 	 	 	 	-0.00830446	0.0939679	-2.05976	
1321010177371	 	 	 	 	 	 	-0.00822833	0.0938412	-2.06004	
1321010177373	 	 	 	-0.017	0.009	0.005	 	 	 	
1321010177472	 	 	 	 	 	 	-0.00823445	0.0935961	-2.06057	
1321010177523	 	 	 	 	 	 	-0.00815247	0.0934645	-2.061	
1321010177573	 	 	 	 	 	 	-0.0080245	0.0935941	-2.06142	
1321010177724	 	 	 	 	 	 	-0.00800618	0.0936371	-2.06228	
1321010177775	 	 	 	 	 	 	-0.00803257	0.0934768	-2.0626	
1321010177875	 	 	 	 	 	 	-0.00844599	0.0935332	-2.06329	
1321010177926	 	 	 	 	 	 	-0.00847363	0.093847	-2.06363	
1321010177976	 	 	 	 	 	 	-0.00847583	0.09402	-2.06395	
1321010177977	 	 	 	-0.017	0.009	0.005	 	 	 	
1321010178026	 	 	 	 	 	 	-0.00860633	0.0940519	-2.06424	
1321010178077	 	 	 	 	 	 	-0.00864973	0.0939381	-2.06443	
1321010178127	 	 	 	 	 	 	-0.00865634	0.0938364	-2.06464	
1321010178178	 	 	 	 	 	 	-0.00873053	0.0938702	-2.0649	
1321010178179	 	 	 	-0.017	0.009	0.005	 	 	 	
1321010178228	 	 	 	 	 	 	-0.00853948	0.093805	-2.06526	
1321010178278	 	 	 	 	 	 	-0.00854442	0.0939089	-2.06564	
1321010178530	 	 	 	 	 	 	-0.00855197	0.0937181	-2.06707	
1321010178581	 	 	 	 	 	 	-0.0085352	0.0940281	-2.0674	
1321010178582	 	 	 	-0.017	0.009	0.005	 	 	 	
1321010178631	 	 	 	 	 	 	-0.008657	0.0941679	-2.06766	
1321010178681	 	 	 	 	 	 	-0.00893218	0.094038	-2.068	
1321010178732	 	 	 	 	 	 	-0.00888341	0.0941636	-2.06825	
1321010178782	 	 	 	 	 	 	-0.00887801	0.0942054	-2.06843	
1321010178783	 	 	 	-0.017	0.009	0.005	 	 	 	
1321010178832	 	 	 	 	 	 	-0.00888082	0.0940787	-2.0688	
1321010178883	 	 	 	 	 	 	-0.00867205	0.0940307	-2.06919	
1321010178933	 	 	 	 	 	 	-0.00866345	0.093949	-2.06941	
1321010178983	 	 	 	 	 	 	-0.00873208	0.0941515	-2.0696	
1321010179084	 	 	 	 	 	 	-0.00881455	0.0942922	-2.07016	
1321010179134	 	 	 	 	 	 	-0.00879483	0.0942798	-2.07018	
1321010179185	 	 	 	 	 	 	-0.00876193	0.0942771	-2.0705	
1321010179186	 	 	 	-0.017	0.009	0.005	 	 	 	
1321010179235	 	 	 	 	 	 	-0.00882751	0.0941105	-2.07089	
1321010179336	 	 	 	 	 	 	-0.00886913	0.0938226	-2.07132	
1321010179386	 	 	 	 	 	 	-0.00876515	0.0936801	-2.07161	
1321010179388	0	0	0.005	 	 	 	 	 	 	
1321010179487	 	 	 	 	 	 	-0.00859872	0.093622	-2.07227	
1321010179537	 	 	 	 	 	 	-0.00873418	0.0939179	-2.07254	
1321010179587	 	 	 	 	 	 	-0.00860361	0.0937292	-2.07288	
1321010179688	 	 	 	 	 	 	-0.00842524	0.093863	-2.07354	
1321010179739	 	 	 	 	 	 	-0.00837658	0.0939154	-2.0739	
1321010179789	 	 	 	 	 	 	-0.00841905	0.093815	-2.07406	
1321010179790	 	 	 	-0.017	0.009	0.005	 	 	 	
1321010179839	 	 	 	 	 	 	-0.00835284	0.0937925	-2.07442	
1321010179890	 	 	 	 	 	 	-0.00838427	0.0937694	-2.07475	
1321010179940	 	 	 	 	 	 	-0.00826061	0.0938548	-2.07506	
1321010179990	 	 	 	 	 	 	-0.00814654	0.0939528	-2.07541	
1321010179992	 	 	 	-0.017	0.009	0.005	 	 	 	
1321010180041	 	 	 	 	 	 	-0.00824256	0.0938232	-2.07558	
1321010180091	 	 	 	 	 	 	-0.00821573	0.0938524	-2.07579	
1321010180142	 	 	 	 	 	 	-0.00811053	0.0937412	-2.07606	
1321010180192	 	 	 	 	 	 	-0.00805479	0.0936549	-2.07622	
1321010180344	 	 	 	 	 	 	-0.00819488	0.0937972	-2.07702	
1321010180394	 	 	 	 	 	 	-0.00792933	0.0937705	-2.07726	
1321010180396	 	 	 	-0.017	0.009	0.005	 	 	 	
1321010180495	 	 	 	 	 	 	-0.00790504	0.0941217	-2.07768	
1321010180545	 	 	 	 	 	 	-0.00780372	0.0941085	-2.07791	
1321010180596	 	 	 	 	 	 	-0.00784069	0.0941045	-2.07825	
1321010180597	 	 	 	-0.017	0.009	0.005	 	 	 	
1321010180696	 	 	 	 	 	 	-0.00777674	0.0942111	-2.07876	
1321010180747	 	 	 	 	 	 	-0.00780672	0.0941443	-2.07914	
1321010180797	 	 	 	 	 	 	-0.00778977	0.0942432	-2.07943	
1321010180898	 	 	 	 	 	 	-0.00809361	0.0943155	-2.07997	
1321010180948	 	 	 	 	 	 	-0.00816401	0.0943175	-2.08019	
1321010180999	 	 	 	 	 	 	-0.00805321	0.0942275	-2.08049	
1321010181000	 	 	 	-0.017	0.009	0.005	 	 	 	
1321010181099	 	 	 	 	 	 	-0.00794731	0.094622	-2.08089	
1321010181150	 	 	 	 	 	 	-0.00782151	0.0944891	-2.08119	
1321010181200	 	 	 	 	 	 	-0.00782224	0.094491	-2.08159	
1321010181402	 	 	 	 	 	 	-0.00794314	0.0947533	-2.08252	
1321010181403	 	 	 	-0.017	0.009	0.005	 	 	 	
1321010181502	 	 	 	 	 	 	-0.00800274	0.0946086	-2.08315	
1321010181553	 	 	 	 	 	 	-0.00816399	0.0946807	-2.08334	
1321010181603	 	 	 	 	 	 	-0.00838257	0.094701	-2.08375	
1321010181604	 	 	 	-0.017	0.009	0.005	 	 	 	
1321010181653	 	 	 	 	 	 	-0.00820879	0.0945948	-2.08419	
1321010181704	 	 	 	 	 	 	-0.00794817	0.0946837	-2.08446	
1321010181754	 	 	 	 	 	 	-0.0080869	0.0945457	-2.08471	
1321010181805	 	 	 	 	 	 	-0.00805477	0.0943589	-2.08506	
1321010181905	 	 	 	 	 	 	-0.00799019	0.094397	-2.08552	
1321010181956	 	 	 	 	 	 	-0.00812903	0.094302	-2.08584	
1321010182006	 	 	 	 	 	 	-0.00810497	0.0943099	-2.0861	
1321010182157	 	 	 	 	 	 	-0.00832881	0.094258	-2.08718	
1321010182207	 	 	 	 	 	 	-0.00833516	0.0942295	-2.08746	
1321010182209	 	 	 	-0.017	0.009	0.005	 	 	 	
1321010182308	 	 	 	 	 	 	-0.00855663	0.0943132	-2.08791	
1321010182358	 	 	 	 	 	 	-0.00851883	0.0943657	-2.08811	
1321010182409	 	 	 	 	 	 	-0.00849501	0.0941672	-2.08821	
1321010182411	 	 	 	-0.017	0.009	0.005	 	 	 	
1321010182509	 	 	 	 	 	 	-0.00861618	0.09447	-2.08873	
1321010182560	 	 	 	 	 	 	-0.008535	0.0944157	-2.08908	
1321010182610	 	 	 	 	 	 	-0.00859281	0.0947786	-2.08933	
1321010182612	 	 	 	-0.017	0.009	0.005	 	 	 	
1321010182661	 	 	 	 	 	 	-0.0085262	0.0947629	-2.08954	
1321010182711	 	 	 	 	 	 	-0.00861032	0.0948409	-2.08969	
1321010182762	 	 	 	 	 	 	-0.00879237	0.0950034	-2.08989	
1321010182812	 	 	 	 	 	 	-0.00871647	0.0948186	-2.09022	
1321010182813	 	 	 	-0.017	0.009	0.005	 	 	 	
1321010182913	 	 	 	 	 	 	-0.00877132	0.0950771	-2.09063	
1321010182963	 	 	 	 	 	 	-0.0087885	0.0951569	-2.09094	
1321010183013	 	 	 	 	 	 	-0.00872121	0.0954761	-2.09114	
1321010183114	 	 	 	 	 	 	-0.00876769	0.0955882	-2.09171	
1321010183165	 	 	 	 	 	 	-0.00885216	0.0955789	-2.09199	
1321010183215	 	 	 	 	 	 	-0.0090752	0.0954559	-2.09237	
1321010183216	 	 	 	-0.017	0.009	0.005	 	 	 	
1321010183316	 	 	 	 	 	 	-0.00915704	0.0956496	-2.09302	
1321010183366	 	 	 	 	 	 	-0.00923706	0.0958287	-2.09322	
1321010183417	 	 	 	 	 	 	-0.00916064	0.0957345	-2.09345	
1321010183418	 	 	 	-0.017	0.009	0.005	 	 	 	
1321010183517	 	 	 	 	 	 	-0.00857797	0.0941036	-2.09296	
1321010183568	 	 	 	 	 	 	-0.0078063	0.093083	-2.09285	
1321010183618	 	 	 	 	 	 	-0.00886011	0.0904508	-2.09277	
1321010183719	 	 	 	 	 	 	-0.0102926	0.0905096	-2.08553	
1321010183769	 	 	 	 	 	 	-0.0336213	0.0895845	-2.07637	
1321010183820	 	 	 	 	 	 	-0.0705212	0.0752466	-2.06659	
1321010183821	 	 	 	-0.017	0.009	0.005	 	 	 	
1321010183870	 	 	 	 	 	 	-0.1123	0.0470047	-2.056	
1321010183920	 	 	 	 	 	 	-0.132887	0.0261674	-2.04501	
1321010183971	 	 	 	 	 	 	-0.13787	0.0189522	-2.03419	
1321010184021	 	 	 	 	 	 	-0.130985	0.0181122	-2.02545	
1321010184172	 	 	 	 	 	 	-0.0859602	0.111904	-2.03454	
1321010184222	 	 	 	 	 	 	-0.0719269	0.131031	-2.04757	
1321010184323	 	 	 	 	 	 	-0.0403994	0.101485	-2.08217	
1321010184373	 	 	 	 	 	 	-0.0190755	0.0636385	-2.10399	
1321010184424	 	 	 	 	 	 	0.00524642	0.0299763	-2.13041	
1321010184425	 	 	 	-0.017	0.009	0.005	 	 	 	
1321010184525	 	 	 	 	 	 	0.0467285	-0.0278845	-2.19698	
1321010184575	 	 	 	 	 	 	0.0576712	-0.0469867	-2.23586	
1321010184625	 	 	 	 	 	 	0.0551212	-0.0576878	-2.27751	
1321010184627	 	 	 	-0.017	0.009	0.005	 	 	 	
1321010184726	 	 	 	 	 	 	-0.000142624	-0.0776948	-2.36124	
1321010184777	 	 	 	 	 	 	-0.0351017	-0.0842828	-2.39885	
1321010184827	 	 	 	 	 	 	-0.0762382	-0.0877046	-2.43156	
1321010184928	 	 	 	 	 	 	-0.103433	-0.111361	-2.46506	
1321010185029	 	 	 	-0.017	0.009	0.005	 	 	 	
1321010185179	 	 	 	 	 	 	-0.0386486	-0.0203851	-2.37225	
1321010185229	 	 	 	 	 	 	-0.0230916	0.000865972	-2.32174	
1321010185231	 	 	 	-0.017	0.009	0.005	 	 	 	
1321010185330	 	 	 	 	 	 	-0.0110343	0.0245849	-2.19589	
1321010185431	 	 	 	 	 	 	-0.0326653	0.0538241	-2.0533	
1321010185532	 	 	 	 	 	 	-0.0814227	0.091403	-1.90887	
1321010185582	 	 	 	 	 	 	-0.118328	0.10878	-1.83956	
1321010185633	 	 	 	 	 	 	-0.148088	0.114541	-1.77173	
1321010185634	 	 	 	-0.017	0.009	0.005	 	 	 	
1321010185733	 	 	 	 	 	 	-0.184852	0.0997375	-1.65006	
1321010185784	 	 	 	 	 	 	-0.192607	0.0839369	-1.59951	
1321010185834	 	 	 	 	 	 	-0.190965	0.0652621	-1.55768	
1321010185835	 	 	 	-0.017	0.009	0.005	 	 	 	
1321010185985	 	 	 	 	 	 	-0.130023	-0.0059265	-1.49012	
1321010186035	 	 	 	 	 	 	-0.106573	-0.0240311	-1.49075	
1321010186186	 	 	 	 	 	 	-0.0848644	-0.00663909	-1.55476	
1321010186237	 	 	 	 	 	 	-0.0878829	0.0207137	-1.59197	
1321010186238	 	 	 	-0.017	0.009	0.005	 	 	 	
1321010186337	 	 	 	 	 	 	-0.108689	0.0767494	-1.65838	
1321010186438	 	 	 	 	 	 	-0.118549	0.11712	-1.69315	
1321010186439	 	 	 	-0.017	0.009	0.005	 	 	 	
1321010186539	 	 	 	 	 	 	-0.0957956	0.144152	-1.70575	
1321010186589	 	 	 	 	 	 	-0.0858515	0.154621	-1.70764	
1321010186639	 	 	 	 	 	 	-0.076703	0.166661	-1.70739	
1321010186740	 	 	 	 	 	 	-0.0564784	0.241487	-1.71706	
1321010186790	 	 	 	 	 	 	-0.0356416	0.266714	-1.73897	
1321010186841	 	 	 	 	 	 	-0.0130314	0.293038	-1.76378	
1321010186842	 	 	 	-0.017	0.009	0.005	 	 	 	
1321010186941	 	 	 	 	 	 	0.0234011	0.31931	-1.82373	
1321010186992	 	 	 	 	 	 	0.0345399	0.339076	-1.85037	
1321010187042	 	 	 	 	 	 	0.0433907	0.351144	-1.87	
1321010187043	 	 	 	-0.017	0.009	0.005	 	 	 	
1321010187143	 	 	 	 	 	 	0.0542361	0.385443	-1.89309	
1321010187193	 	 	 	 	 	 	0.0472428	0.388723	-1.89505	
1321010187244	 	 	 	 	 	 	0.0324939	0.386408	-1.8916	
