unix_timestamp	pos.z	pos_sp.z	state.fly.x	state.fly.y	
1277805459765	-0.204908	0	8	0	
1277805459785	-0.204908	 	 	 	
1277805459786	 	0	 	 	
1277805459835	-0.204908	 	 	 	
1277805459836	 	0	 	 	
1277805459885	-0.204908	 	 	 	
1277805459886	 	0	 	 	
1277805459935	-0.204908	 	 	 	
1277805459936	 	0	 	 	
1277805459965	-0.204908	0	 	 	
1277805459985	-0.204908	 	 	 	
1277805459986	 	0	 	 	
1277805460035	-0.204908	 	 	 	
1277805460036	 	0	 	 	
1277805460085	-0.204908	 	 	 	
1277805460086	 	0	 	 	
1277805460135	-0.204908	 	 	 	
1277805460136	 	0	 	 	
1277805460165	 	 	8	0	
1277805460166	-0.204908	0	 	 	
1277805460186	-0.204908	0	 	 	
1277805460236	-0.204908	0	 	 	
1277805460286	-0.204908	0	 	 	
1277805460336	-0.204908	 	 	 	
1277805460337	 	0	 	 	
1277805460365	-0.204908	0	8	0	
1277805460387	-0.204908	0	 	 	
1277805460436	-0.204908	0	 	 	
1277805460486	-0.204908	0	 	 	
1277805460536	-0.204908	0	 	 	
1277805460565	-0.204908	0	8	0	
1277805460586	-0.204908	0	 	 	
1277805460636	-0.204908	 	 	 	
1277805460686	-0.204908	0	 	 	
1277805460736	-0.204908	 	 	 	
1277805460737	 	0	 	 	
1277805460766	-0.204908	 	8	0	
1277805460767	 	0	 	 	
1277805460786	-0.204908	 	 	 	
1277805460787	 	0	 	 	
1277805460836	-0.204908	 	 	 	
1277805460837	 	0	 	 	
1277805460886	-0.204908	 	 	 	
1277805460887	 	0	 	 	
1277805460936	-0.204908	 	 	 	
1277805460937	 	0	 	 	
1277805460967	-0.204908	0	8	0	
1277805460987	-0.204908	0	 	 	
1277805461037	-0.204908	0	 	 	
1277805461087	-0.204908	 	 	 	
1277805461088	 	0	 	 	
1277805461137	-0.204908	 	 	 	
1277805461138	 	0	 	 	
1277805461166	 	 	8	0	
1277805461167	-0.204908	0	 	 	
1277805461187	-0.204908	 	 	 	
1277805461188	 	0	 	 	
1277805461237	-0.204908	 	 	 	
1277805461238	 	0	 	 	
1277805461287	-0.204908	 	 	 	
1277805461288	 	0	 	 	
1277805461337	-0.204908	 	 	 	
1277805461338	 	0	 	 	
1277805461367	-0.204908	 	8	0	
1277805461368	 	0	 	 	
1277805461388	-0.204908	0	 	 	
1277805461438	-0.204908	0	 	 	
1277805461488	-0.204908	0	 	 	
1277805461538	-0.204908	0	 	 	
1277805461567	-0.204908	0	8	0	
1277805461588	-0.204908	0	 	 	
1277805461638	-0.204908	0	 	 	
1277805461688	-0.204908	0	 	 	
1277805461738	-0.204908	 	 	 	
1277805461739	 	0	 	 	
1277805461767	-0.204908	0	8	0	
1277805461789	-0.204908	 	 	 	
1277805461790	 	0	 	 	
1277805461839	-0.204908	 	 	 	
1277805461840	 	0	 	 	
1277805461890	-0.204908	0	 	 	
1277805461940	-0.204908	0	 	 	
1277805461968	-0.204908	0	8	0	
1277805461990	-0.204908	 	 	 	
1277805461991	 	0	 	 	
1277805462040	-0.204908	 	 	 	
1277805462041	 	0	 	 	
1277805462091	-0.204908	0	 	 	
1277805462141	-0.204908	0	 	 	
1277805462168	-0.204908	0	8	0	
1277805462191	-0.204908	 	 	 	
1277805462192	 	0	 	 	
1277805462242	-0.204908	 	 	 	
1277805462243	 	0	 	 	
1277805462292	-0.204908	 	 	 	
1277805462293	 	0	 	 	
1277805462343	-0.204908	0	 	 	
1277805462368	-0.204908	0	8	0	
1277805462393	-0.204908	0	 	 	
1277805462443	-0.204908	 	 	 	
1277805462444	 	0	 	 	
1277805462493	-0.204908	 	 	 	
1277805462494	 	0	 	 	
1277805462544	-0.204908	0	 	 	
1277805462568	-0.204908	 	8	0	
1277805462569	 	0	 	 	
1277805462594	-0.204908	0	 	 	
1277805462644	-0.204908	0	 	 	
1277805462694	-0.204908	0	 	 	
1277805462744	-0.204908	0	 	 	
1277805462768	-0.204908	0	8	0	
1277805462794	-0.204908	0	 	 	
1277805462844	-0.204908	0	 	 	
1277805462894	-0.204908	0	 	 	
1277805462944	-0.204908	0	 	 	
1277805462968	 	 	8	0	
1277805462969	-0.204908	 	 	 	
1277805462994	-0.204908	0	 	 	
1277805463044	-0.204908	0	 	 	
1277805463094	-0.204908	0	 	 	
1277805463144	-0.204908	0	 	 	
1277805463168	-0.204908	 	8	0	
1277805463169	 	0	 	 	
1277805463194	-0.204908	0	 	 	
1277805463244	-0.204908	 	 	 	
1277805463245	 	0	 	 	
1277805463294	-0.204908	 	 	 	
1277805463295	 	0	 	 	
1277805463344	-0.204908	 	 	 	
1277805463345	 	0	 	 	
1277805463368	-0.204908	0	8	0	
1277805463394	-0.204908	 	 	 	
1277805463395	 	0	 	 	
1277805463444	-0.204908	 	 	 	
1277805463445	 	0	 	 	
1277805463494	-0.204908	 	 	 	
1277805463495	 	0	 	 	
1277805463544	-0.204908	 	 	 	
1277805463545	 	0	 	 	
1277805463568	-0.204908	 	8	0	
1277805463569	 	0	 	 	
1277805463594	-0.204908	 	 	 	
1277805463595	 	0	 	 	
1277805463644	-0.204908	 	 	 	
1277805463645	 	0	 	 	
1277805463694	-0.204908	 	 	 	
1277805463695	 	0	 	 	
1277805463744	-0.204908	 	 	 	
1277805463745	 	0	 	 	
1277805463769	-0.204908	0	8	0	
1277805463794	-0.204908	 	 	 	
1277805463795	 	0	 	 	
1277805463844	-0.204908	 	 	 	
1277805463845	 	0	 	 	
1277805463895	-0.204908	0	 	 	
1277805463945	-0.204908	0	 	 	
1277805463969	-0.204908	0	8	0	
1277805463995	-0.204908	0	 	 	
1277805464045	-0.204908	0	 	 	
1277805464095	-0.204908	 	 	 	
1277805464096	 	0	 	 	
1277805464145	-0.204908	 	 	 	
1277805464146	 	0	 	 	
1277805464170	-0.204908	-0.8	8	0	
1277805464195	-0.204908	 	 	 	
1277805464196	 	-0.8	 	 	
1277805464245	-0.204908	 	 	 	
1277805464246	 	-0.8	 	 	
1277805464295	-0.204908	 	 	 	
1277805464296	 	-0.8	 	 	
1277805464345	-0.204908	 	 	 	
1277805464346	 	-0.8	 	 	
1277805464369	-0.204908	-0.8	8	0	
1277805464396	-0.204908	 	 	 	
1277805464397	 	-0.8	 	 	
1277805464446	-0.204908	 	 	 	
1277805464447	 	-0.8	 	 	
1277805464497	-0.204908	-0.8	 	 	
1277805464547	-0.204908	-0.8	 	 	
1277805464569	-0.204908	-0.8	8	0	
1277805464598	-0.204908	-0.8	 	 	
1277805464648	-0.204908	-0.8	 	 	
1277805464698	-0.204908	 	 	 	
1277805464699	 	-0.8	 	 	
1277805464748	-0.204908	 	 	 	
1277805464749	 	-0.8	 	 	
1277805464769	-0.204908	-0.8	8	0	
1277805464799	-0.204908	-0.8	 	 	
1277805464849	-0.204908	-0.8	 	 	
1277805464899	-0.204908	 	 	 	
1277805464900	 	-0.8	 	 	
1277805464949	-0.204908	 	 	 	
1277805464950	 	-0.8	 	 	
1277805464969	-0.204908	-0.8	8	0	
1277805464999	-0.204908	 	 	 	
1277805465000	 	-0.8	 	 	
1277805465050	-0.204908	-0.8	 	 	
1277805465100	-0.204908	-0.8	 	 	
1277805465150	-0.204908	-0.8	 	 	
1277805465169	-0.204908	-0.8	0	0	
1277805465200	-0.204908	-0.8	 	 	
1277805465250	-0.204908	-0.8	 	 	
1277805465300	-0.204908	-0.8	 	 	
1277805465350	-0.204908	-0.8	 	 	
1277805465369	 	 	0	0	
1277805465370	-0.204908	-0.8	 	 	
1277805465400	-0.204908	-0.8	 	 	
1277805465450	-0.204908	-0.8	 	 	
1277805465500	-0.204908	-0.8	 	 	
1277805465550	-0.204908	-0.8	 	 	
1277805465569	 	 	0	0	
1277805465570	-0.204908	-0.8	 	 	
1277805465600	-0.204908	-0.8	 	 	
1277805465650	-0.204908	-0.8	 	 	
1277805465700	-0.204908	-0.8	 	 	
1277805465750	-0.204908	 	 	 	
1277805465751	 	-0.8	 	 	
1277805465769	 	 	0	0	
1277805465770	-0.204908	-0.8	 	 	
1277805465800	-0.204908	 	 	 	
1277805465801	 	-0.8	 	 	
1277805465850	-0.204908	 	 	 	
1277805465851	 	-0.8	 	 	
1277805465900	-0.204908	 	 	 	
1277805465901	 	-0.8	 	 	
1277805465950	-0.204908	 	 	 	
1277805465951	 	-0.8	 	 	
1277805465970	-0.204908	-0.8	0	0	
1277805466000	-0.204908	 	 	 	
1277805466001	 	-0.8	 	 	
1277805466050	-0.204908	 	 	 	
1277805466051	 	-0.8	 	 	
1277805466100	-0.204908	 	 	 	
1277805466101	 	-0.8	 	 	
1277805466150	-0.204908	 	 	 	
1277805466151	 	-0.8	 	 	
1277805466170	-0.204908	-0.8	0	0	
1277805466200	-0.204908	 	 	 	
1277805466201	 	-0.8	 	 	
1277805466250	-0.204908	 	 	 	
1277805466251	 	-0.8	 	 	
1277805466301	-0.204908	-0.8	 	 	
1277805466351	-0.204908	-0.8	 	 	
1277805466370	-0.204908	-0.8	0	0	
1277805466401	-0.204908	-0.8	 	 	
1277805466451	-0.204908	-0.8	 	 	
1277805466501	-0.204908	-0.8	 	 	
1277805466551	-0.204908	-0.8	 	 	
1277805466570	 	 	0	0	
1277805466571	-0.204908	-0.8	 	 	
1277805466601	-0.204908	-0.8	 	 	
1277805466651	-0.204908	-0.8	 	 	
1277805466701	-0.204908	-0.8	 	 	
1277805466751	-0.204908	-0.8	 	 	
1277805466770	 	 	0	0	
1277805466771	-0.204908	-0.8	 	 	
1277805466801	-0.204908	-0.8	 	 	
1277805466851	-0.204908	-0.8	 	 	
1277805466901	-0.204908	-0.8	 	 	
1277805466951	-0.204908	-0.8	 	 	
1277805466970	 	 	0	0	
1277805466971	-0.204908	-0.8	 	 	
1277805467001	-0.204908	-0.8	 	 	
1277805467051	-0.204908	-0.8	 	 	
1277805467101	-0.204908	-0.8	 	 	
1277805467151	-0.204908	 	 	 	
1277805467152	 	-0.8	 	 	
1277805467171	-0.204908	-0.8	0	0	
1277805467201	-0.204908	 	 	 	
1277805467202	 	-0.8	 	 	
1277805467251	-0.204908	 	 	 	
1277805467252	 	-0.8	 	 	
1277805467301	-0.204908	 	 	 	
1277805467302	 	-0.8	 	 	
1277805467351	-0.204908	 	 	 	
1277805467352	 	-0.8	 	 	
1277805467371	-0.204908	-0.8	0	0	
1277805467401	-0.204908	 	 	 	
1277805467402	 	-0.8	 	 	
1277805467451	-0.204908	 	 	 	
1277805467452	 	-0.8	 	 	
1277805467501	-0.204908	 	 	 	
1277805467502	 	-0.8	 	 	
1277805467551	-0.204908	 	 	 	
1277805467552	 	-0.8	 	 	
1277805467571	-0.204908	-0.8	0	0	
1277805467601	-0.204908	 	 	 	
1277805467602	 	-0.8	 	 	
1277805467651	-0.204908	 	 	 	
1277805467652	 	-0.8	 	 	
1277805467701	-0.204908	 	 	 	
1277805467702	 	-0.8	 	 	
1277805467751	-0.204908	 	 	 	
1277805467752	 	-0.8	 	 	
1277805467772	-0.204908	-0.8	0	0	
1277805467801	-0.204908	 	 	 	
1277805467802	 	-0.8	 	 	
1277805467852	-0.204908	-0.8	 	 	
1277805467902	-0.204908	-0.8	 	 	
1277805467952	-0.204908	 	 	 	
1277805467953	 	-0.8	 	 	
1277805467971	 	 	0	0	
1277805467972	-0.204908	-0.8	 	 	
1277805468002	-0.204908	 	 	 	
1277805468003	 	-0.8	 	 	
1277805468052	-0.204908	 	 	 	
1277805468053	 	-0.8	 	 	
1277805468102	-0.204908	 	 	 	
1277805468103	 	-0.8	 	 	
1277805468152	-0.204908	 	 	 	
1277805468153	 	-0.8	 	 	
1277805468171	 	 	0	0	
1277805468172	-0.204908	-0.8	 	 	
1277805468202	-0.204908	 	 	 	
1277805468203	 	-0.8	 	 	
1277805468252	-0.204908	 	 	 	
1277805468253	 	-0.8	 	 	
1277805468302	-0.204908	 	 	 	
1277805468303	 	-0.8	 	 	
1277805468352	-0.204908	 	 	 	
1277805468353	 	-0.8	 	 	
1277805468372	-0.204908	 	0	0	
1277805468373	 	-0.8	 	 	
1277805468402	-0.204908	 	 	 	
1277805468403	 	-0.8	 	 	
1277805468452	-0.204908	 	 	 	
1277805468453	 	-0.8	 	 	
1277805468503	-0.204908	-0.8	 	 	
1277805468553	-0.204908	-0.8	 	 	
1277805468572	-0.204908	 	0	0	
1277805468573	 	-0.8	 	 	
1277805468603	-0.204908	-0.8	 	 	
1277805468653	-0.204908	-0.8	 	 	
1277805468703	-0.204908	-0.8	 	 	
1277805468753	-0.204908	-0.8	 	 	
1277805468772	-0.204908	 	0	0	
1277805468773	 	-0.8	 	 	
1277805468803	-0.204908	-0.8	 	 	
1277805468853	-0.204908	-0.8	 	 	
1277805468903	-0.204908	-0.8	 	 	
1277805468953	-0.204908	-0.8	 	 	
1277805468973	-0.204908	-0.8	0	0	
1277805469003	-0.204908	 	 	 	
1277805469004	 	-0.8	 	 	
1277805469053	-0.204908	 	 	 	
1277805469054	 	-0.8	 	 	
1277805469103	-0.204908	 	 	 	
1277805469104	 	-0.8	 	 	
1277805469154	-0.204908	-0.8	 	 	
1277805469173	-0.204908	-0.8	0	0	
1277805469204	-0.204908	-0.8	 	 	
1277805469254	-0.204908	-0.8	 	 	
1277805469304	-0.204908	-0.8	 	 	
1277805469354	-0.204908	-0.8	 	 	
1277805469373	-0.204908	-0.8	0	0	
1277805469404	-0.204908	-0.8	 	 	
1277805469454	-0.204908	-0.8	 	 	
1277805469504	-0.204908	-0.8	 	 	
1277805469554	-0.204908	 	 	 	
1277805469555	 	-0.8	 	 	
1277805469573	-0.204908	 	0	0	
1277805469574	 	-0.8	 	 	
1277805469604	-0.204908	 	 	 	
1277805469605	 	-0.8	 	 	
1277805469654	-0.204908	 	 	 	
1277805469655	 	-0.8	 	 	
1277805469704	-0.204908	 	 	 	
1277805469705	 	-0.8	 	 	
1277805469754	-0.204908	 	 	 	
1277805469755	 	-0.8	 	 	
1277805469773	-0.204908	 	0	0	
1277805469774	 	-0.8	 	 	
1277805469804	-0.204908	 	 	 	
1277805469805	 	-0.8	 	 	
1277805469854	-0.204908	 	 	 	
1277805469855	 	-0.8	 	 	
1277805469904	-0.204908	 	 	 	
1277805469905	 	-0.8	 	 	
1277805469954	-0.204908	 	 	 	
1277805469955	 	-0.8	 	 	
1277805469974	-0.204908	-0.8	0	0	
1277805470004	-0.204908	 	 	 	
1277805470005	 	-0.8	 	 	
1277805470054	-0.204908	 	 	 	
1277805470055	 	-0.8	 	 	
1277805470104	-0.204908	 	 	 	
1277805470105	 	-0.8	 	 	
1277805470155	-0.204908	-0.8	 	 	
1277805470174	-0.204908	-0.8	1	0	
1277805470205	-0.204908	-0.8	 	 	
1277805470255	-0.204908	-0.8	 	 	
1277805470305	-0.204908	-0.8	 	 	
1277805470355	-0.204908	-0.8	 	 	
1277805470374	-0.204908	-0.8	1	0	
1277805470405	-0.204908	-0.8	 	 	
1277805470455	-0.204908	-0.8	 	 	
1277805470505	-0.204908	 	 	 	
1277805470506	 	-0.8	 	 	
1277805470555	-0.204908	 	 	 	
1277805470556	 	-0.8	 	 	
1277805470574	-0.204908	-0.8	1	0	
1277805470606	-0.204908	 	 	 	
1277805470607	 	-0.8	 	 	
1277805470656	-0.204908	 	 	 	
1277805470657	 	-0.8	 	 	
1277805470707	-0.204908	-0.8	 	 	
1277805470757	-0.204908	 	 	 	
1277805470758	 	-0.8	 	 	
1277805470774	-0.204908	-0.8	1	0	
1277805470808	-0.204908	-0.8	 	 	
1277805470858	-0.204908	-0.8	 	 	
1277805470908	-0.204908	 	 	 	
1277805470909	 	-0.8	 	 	
1277805470959	-0.204908	-0.8	 	 	
1277805470974	 	 	1	0	
1277805470975	-0.204908	-0.8	 	 	
1277805471009	-0.204908	 	 	 	
1277805471010	 	-0.8	 	 	
1277805471059	-0.204908	 	 	 	
1277805471060	 	-0.8	 	 	
1277805471110	-0.204908	 	 	 	
1277805471111	 	-0.8	 	 	
1277805471160	-0.204908	 	 	 	
1277805471161	 	-0.8	 	 	
1277805471174	 	 	2	0	
1277805471175	-0.204908	-0.8	 	 	
1277805471210	-0.204908	 	 	 	
1277805471211	 	-0.8	 	 	
1277805471260	-0.204908	 	 	 	
1277805471261	 	-0.8	 	 	
1277805471310	-0.204908	 	 	 	
1277805471311	 	-0.8	 	 	
1277805471360	-0.204908	 	 	 	
1277805471361	 	-0.8	 	 	
1277805471374	 	 	2	0	
1277805471375	-0.204908	-0.8	 	 	
1277805471410	-0.160826	 	 	 	
1277805471411	 	-0.8	 	 	
1277805471460	-0.176747	 	 	 	
1277805471461	 	-0.8	 	 	
1277805471510	-0.188676	 	 	 	
1277805471511	 	-0.8	 	 	
1277805471561	-0.208677	-0.8	 	 	
1277805471574	 	 	2	0	
1277805471575	-0.211483	-0.8	 	 	
1277805471611	-0.227704	-0.8	 	 	
1277805471661	-0.252122	-0.8	 	 	
1277805471711	-0.285761	-0.8	 	 	
1277805471761	-0.319027	-0.8	 	 	
1277805471775	-0.327289	-0.8	2	0	
1277805471811	-0.346566	-0.8	 	 	
1277805471861	-0.383785	-0.8	 	 	
1277805471911	-0.415199	-0.8	 	 	
1277805471961	-0.450403	-0.8	 	 	
1277805471976	-0.460065	-0.8	2	0	
1277805472011	-0.4827	-0.8	 	 	
1277805472061	-0.51434	-0.8	 	 	
1277805472111	-0.5457	-0.8	 	 	
1277805472161	-0.574345	-0.8	 	 	
1277805472175	 	 	2	0	
1277805472176	-0.586866	-0.8	 	 	
1277805472211	-0.609848	-0.8	 	 	
1277805472261	-0.616986	 	 	 	
1277805472262	 	-0.8	 	 	
1277805472311	-0.63727	 	 	 	
1277805472312	 	-0.8	 	 	
1277805472361	-0.65954	 	 	 	
1277805472362	 	-0.8	 	 	
1277805472375	-0.666513	-0.8	2	0	
1277805472411	-0.667099	 	 	 	
1277805472412	 	-0.8	 	 	
1277805472461	-0.677294	 	 	 	
1277805472462	 	-0.8	 	 	
1277805472511	-0.682364	 	 	 	
1277805472512	 	-0.8	 	 	
1277805472561	-0.695729	 	 	 	
1277805472562	 	-0.8	 	 	
1277805472576	-0.699746	-0.8	2	0	
1277805472611	-0.69756	 	 	 	
1277805472612	 	-0.8	 	 	
1277805472661	-0.697463	 	 	 	
1277805472662	 	-0.8	 	 	
1277805472711	-0.696251	 	 	 	
1277805472712	 	-0.8	 	 	
1277805472762	 	-0.8	 	 	
1277805472777	-0.691366	-0.8	2	0	
1277805472812	-0.689385	-0.8	 	 	
1277805472862	-0.686498	 	 	 	
1277805472863	 	-0.8	 	 	
1277805472913	-0.684453	-0.8	 	 	
1277805472963	-0.682237	-0.8	 	 	
1277805472977	-0.678642	-0.8	2	0	
1277805473013	-0.676808	-0.8	 	 	
1277805473063	-0.674391	-0.8	 	 	
1277805473113	-0.672322	-0.8	 	 	
1277805473163	-0.671428	-0.8	 	 	
1277805473177	-0.670837	 	2	0	
1277805473178	 	-0.8	 	 	
1277805473213	-0.673547	-0.8	 	 	
1277805473263	-0.673597	-0.8	 	 	
1277805473313	-0.67219	-0.8	 	 	
1277805473363	-0.671247	-0.8	 	 	
1277805473377	-0.671464	-0.8	2	0	
1277805473414	-0.670765	-0.8	 	 	
1277805473464	-0.668235	 	 	 	
1277805473465	 	-0.8	 	 	
1277805473515	-0.670161	-0.8	 	 	
1277805473565	-0.673547	-0.8	 	 	
1277805473577	-0.673817	-0.8	2	0	
1277805473615	-0.677788	 	 	 	
1277805473616	 	-0.8	 	 	
1277805473666	-0.683286	-0.8	 	 	
1277805473716	-0.68653	-0.8	 	 	
1277805473766	-0.689763	 	 	 	
1277805473767	 	-0.8	 	 	
1277805473777	-0.690409	-0.8	2	0	
1277805473817	-0.693254	-0.8	 	 	
1277805473867	-0.696522	-0.8	 	 	
1277805473918	-0.70094	-0.8	 	 	
1277805473968	-0.703407	-0.8	 	 	
1277805473977	 	 	3	0	
1277805473978	-0.703731	-0.8	 	 	
1277805474018	-0.70588	-0.8	 	 	
1277805474068	-0.708383	-0.8	 	 	
1277805474118	-0.711634	-0.8	 	 	
1277805474168	-0.715326	-0.8	 	 	
1277805474177	 	 	3	0	
1277805474178	-0.715986	-0.8	 	 	
1277805474218	-0.71859	-0.8	 	 	
1277805474268	-0.720713	-0.8	 	 	
1277805474318	-0.723087	-0.8	 	 	
1277805474368	-0.725822	-0.8	 	 	
1277805474378	-0.726368	-0.8	3	0	
1277805474418	-0.728556	-0.8	 	 	
1277805474468	-0.73129	 	 	 	
1277805474469	 	-0.8	 	 	
1277805474519	-0.734024	-0.8	 	 	
1277805474569	-0.733131	-0.8	 	 	
1277805474578	-0.733337	 	3	0	
1277805474579	 	-0.8	 	 	
1277805474619	-0.734551	 	 	 	
1277805474669	-0.736291	-0.8	 	 	
1277805474719	-0.736769	-0.8	 	 	
1277805474769	-0.737414	-0.8	 	 	
1277805474777	 	 	3	0	
1277805474778	-0.737559	-0.8	 	 	
1277805474819	-0.737853	-0.8	 	 	
1277805474869	-0.738172	 	 	 	
1277805474870	 	-0.8	 	 	
1277805474919	-0.739065	 	 	 	
1277805474920	 	-0.8	 	 	
1277805474969	-0.739928	 	 	 	
1277805474970	 	-0.8	 	 	
1277805474978	 	 	3	0	
1277805474979	-0.740088	-0.8	 	 	
1277805475019	-0.741608	 	 	 	
1277805475020	 	-0.8	 	 	
1277805475069	-0.742468	 	 	 	
1277805475070	 	-0.8	 	 	
1277805475120	-0.743853	-0.8	 	 	
1277805475170	-0.745244	 	 	 	
1277805475171	 	-0.8	 	 	
1277805475178	 	 	3	0	
1277805475179	-0.745843	-0.8	 	 	
1277805475221	-0.747404	-0.8	 	 	
1277805475271	-0.748872	 	 	 	
1277805475272	 	-0.8	 	 	
1277805475322	-0.751322	-0.8	 	 	
1277805475372	-0.7526	-0.8	 	 	
1277805475379	-0.752762	 	3	0	
1277805475380	 	-0.8	 	 	
1277805475422	-0.754702	-0.8	 	 	
1277805475473	-0.756108	-0.8	 	 	
1277805475523	-0.757467	 	 	 	
1277805475524	 	-0.8	 	 	
1277805475573	-0.758807	 	 	 	
1277805475574	 	-0.8	 	 	
1277805475578	 	 	3	0	
1277805475579	-0.758955	-0.8	 	 	
1277805475624	-0.759708	-0.8	 	 	
1277805475674	-0.761147	-0.8	 	 	
1277805475725	-0.762867	-0.8	 	 	
1277805475775	-0.764285	-0.8	 	 	
1277805475779	-0.764285	-0.8	3	0	
1277805475825	-0.76538	-0.8	 	 	
1277805475875	-0.76637	-0.8	 	 	
1277805475925	-0.767443	-0.8	 	 	
1277805475975	-0.768574	-0.8	 	 	
1277805475979	-0.768691	-0.8	3	0	
1277805476025	-0.770086	-0.8	 	 	
1277805476075	-0.771604	-0.8	 	 	
1277805476125	-0.772798	-0.8	 	 	
1277805476175	-0.773478	-0.8	 	 	
1277805476179	-0.773588	 	3	0	
1277805476180	 	-0.8	 	 	
1277805476225	-0.77419	-0.8	 	 	
1277805476275	-0.774688	 	 	 	
1277805476276	 	-0.8	 	 	
1277805476325	-0.774978	 	 	 	
1277805476326	 	-0.8	 	 	
1277805476376	-0.774739	-0.8	 	 	
1277805476380	-0.774739	-0.8	3	0	
1277805476426	-0.774732	-0.8	 	 	
1277805476476	-0.774484	-0.8	 	 	
1277805476526	-0.77437	-0.8	 	 	
1277805476576	-0.774305	-0.8	 	 	
1277805476579	-0.774301	 	3	0	
1277805476580	 	-0.8	 	 	
1277805476626	-0.774388	-0.8	 	 	
1277805476676	-0.774771	 	 	 	
1277805476677	 	-0.8	 	 	
1277805476726	-0.774756	 	 	 	
1277805476727	 	-0.8	 	 	
1277805476776	-0.775627	 	 	 	
1277805476777	 	-0.8	 	 	
1277805476779	-0.775627	 	3	0	
1277805476780	 	-0.8	 	 	
1277805476827	-0.775823	-0.8	 	 	
1277805476877	-0.775816	-0.8	 	 	
1277805476927	-0.775962	 	 	 	
1277805476928	 	-0.8	 	 	
1277805476977	-0.775291	 	 	 	
1277805476978	 	-0.8	 	 	
1277805476979	-0.775291	 	3	0	
1277805476980	 	-0.8	 	 	
1277805477028	-0.774354	-0.8	 	 	
1277805477078	-0.774059	 	 	 	
1277805477079	 	-0.8	 	 	
1277805477129	-0.774186	-0.8	 	 	
1277805477179	-0.77438	 	 	 	
1277805477180	-0.77438	-0.8	3	0	
1277805477181	 	-0.8	 	 	
1277805477229	-0.77491	 	 	 	
1277805477230	 	-0.8	 	 	
1277805477280	-0.776139	-0.8	 	 	
1277805477330	-0.777079	 	 	 	
1277805477331	 	-0.8	 	 	
1277805477381	-0.778302	-0.8	 	 	
1277805477382	 	 	3	0	
1277805477383	-0.778302	-0.8	 	 	
1277805477431	-0.779363	-0.8	 	 	
1277805477481	-0.780726	 	 	 	
1277805477482	 	-0.8	 	 	
1277805477531	-0.782094	 	 	 	
1277805477532	 	-0.8	 	 	
1277805477581	-0.783268	-0.8	3	0	
1277805477583	-0.78339	-0.8	 	 	
1277805477632	-0.78448	-0.8	 	 	
1277805477682	-0.785469	-0.8	 	 	
1277805477732	-0.786753	-0.8	 	 	
1277805477781	-0.787509	-0.8	3	0	
1277805477782	-0.787509	-0.8	 	 	
1277805477832	-0.788308	-0.8	 	 	
1277805477882	-0.789011	-0.8	 	 	
1277805477932	-0.789004	-0.8	 	 	
1277805477981	 	 	3	0	
1277805477982	-0.789805	-0.8	 	 	
1277805477983	-0.789805	-0.8	 	 	
1277805478033	-0.789667	-0.8	 	 	
1277805478083	-0.789264	-0.8	 	 	
1277805478133	-0.788782	-0.8	 	 	
1277805478181	 	 	3	0	
1277805478182	-0.788378	-0.8	 	 	
1277805478184	-0.788357	-0.8	 	 	
1277805478234	-0.787919	-0.8	 	 	
1277805478284	-0.786706	 	 	 	
1277805478285	 	-0.8	 	 	
1277805478335	-0.786033	-0.8	 	 	
1277805478382	-0.785612	-0.8	3	0	
1277805478385	-0.785555	 	 	 	
1277805478386	 	-0.8	 	 	
1277805478436	-0.785011	-0.8	 	 	
1277805478486	-0.784142	-0.8	 	 	
1277805478537	-0.783766	-0.8	 	 	
1277805478582	-0.783161	-0.8	3	0	
1277805478587	-0.7831	-0.8	 	 	
1277805478637	-0.782923	 	 	 	
1277805478638	 	-0.8	 	 	
1277805478688	-0.783203	-0.8	 	 	
1277805478738	-0.783539	 	 	 	
1277805478739	 	-0.8	 	 	
1277805478782	-0.784333	-0.8	3	0	
1277805478789	-0.784938	-0.8	 	 	
1277805478839	-0.785074	 	 	 	
1277805478840	 	-0.8	 	 	
1277805478889	-0.786165	 	 	 	
1277805478890	 	-0.8	 	 	
1277805478940	-0.786724	-0.8	 	 	
1277805478982	-0.787363	-0.8	3	0	
1277805478990	-0.78749	-0.8	 	 	
1277805479040	-0.788236	 	 	 	
1277805479090	-0.78927	 	 	 	
1277805479091	 	-0.8	 	 	
1277805479141	-0.789715	-0.8	 	 	
1277805479182	-0.790652	-0.8	3	0	
1277805479192	-0.79082	-0.8	 	 	
1277805479242	-0.791952	-0.8	 	 	
1277805479292	-0.793458	 	 	 	
1277805479343	-0.793868	-0.8	 	 	
1277805479382	 	 	3	0	
1277805479383	-0.793798	-0.8	 	 	
1277805479393	-0.793916	-0.8	 	 	
1277805479443	-0.792438	-0.8	 	 	
1277805479493	-0.791716	-0.8	 	 	
1277805479543	-0.791037	-0.8	 	 	
1277805479582	-0.790467	-0.8	3	0	
1277805479593	-0.790356	-0.8	 	 	
1277805479643	-0.789426	-0.8	 	 	
1277805479693	-0.788617	-0.8	 	 	
1277805479743	-0.787908	-0.8	 	 	
1277805479782	 	 	3	0	
1277805479783	-0.787618	-0.8	 	 	
1277805479793	-0.787495	-0.8	 	 	
1277805479843	-0.786943	-0.8	 	 	
1277805479893	-0.786929	 	 	 	
1277805479894	 	-0.8	 	 	
1277805479944	-0.787115	-0.8	 	 	
1277805479982	 	 	3	0	
1277805479983	-0.78728	-0.8	 	 	
1277805479995	-0.787264	-0.8	 	 	
1277805480045	-0.788292	-0.8	 	 	
1277805480095	-0.789127	 	 	 	
1277805480096	 	-0.8	 	 	
1277805480146	-0.790142	 	 	 	
1277805480147	 	-0.8	 	 	
1277805480182	 	 	3	0	
1277805480183	-0.790685	-0.8	 	 	
1277805480197	-0.79103	-0.8	 	 	
1277805480247	-0.791937	-0.8	 	 	
1277805480297	-0.792794	-0.8	 	 	
1277805480348	-0.794256	-0.8	 	 	
1277805480383	 	 	3	0	
1277805480384	-0.794912	-0.8	 	 	
1277805480398	-0.795217	-0.8	 	 	
1277805480448	-0.795515	-0.8	 	 	
1277805480498	-0.795773	 	 	 	
1277805480499	 	-0.8	 	 	
1277805480549	-0.795568	-0.8	 	 	
1277805480583	-0.795236	-0.8	3	0	
1277805480598	-0.795217	 	 	 	
1277805480599	 	-0.8	 	 	
1277805480648	-0.794317	 	 	 	
1277805480649	 	-0.8	 	 	
1277805480699	-0.793081	-0.8	 	 	
1277805480749	-0.790936	-0.8	 	 	
1277805480783	-0.790297	-0.8	3	0	
1277805480799	-0.78998	-0.8	 	 	
1277805480849	-0.789653	-0.8	 	 	
1277805480899	-0.789132	-0.8	 	 	
1277805480949	-0.789445	-0.8	 	 	
1277805480983	-0.790214	 	3	0	
1277805480984	 	-0.8	 	 	
1277805480999	-0.790931	-0.8	 	 	
1277805481049	-0.791342	 	 	 	
1277805481050	 	-0.8	 	 	
1277805481100	-0.791917	-0.8	 	 	
1277805481150	-0.792865	-0.8	 	 	
1277805481183	-0.793699	 	3	0	
1277805481184	 	-0.8	 	 	
1277805481200	-0.794011	 	 	 	
1277805481201	 	-0.8	 	 	
1277805481251	-0.795187	-0.8	 	 	
1277805481301	-0.796407	-0.8	 	 	
1277805481351	-0.797534	 	 	 	
1277805481352	 	-0.8	 	 	
1277805481384	-0.798175	-0.8	3	0	
1277805481401	-0.798595	 	 	 	
1277805481402	 	-0.8	 	 	
1277805481452	-0.799822	-0.8	 	 	
1277805481503	-0.800816	-0.8	 	 	
1277805481553	-0.801484	-0.8	 	 	
1277805481583	-0.801731	 	3	0	
1277805481584	 	-0.8	 	 	
1277805481603	-0.801648	 	 	 	
1277805481604	 	-0.8	 	 	
1277805481653	-0.802015	 	 	 	
1277805481654	 	-0.8	 	 	
1277805481704	-0.802403	 	 	 	
1277805481705	 	-0.8	 	 	
1277805481754	-0.802511	 	 	 	
1277805481755	 	-0.8	 	 	
1277805481783	-0.802677	 	3	0	
1277805481784	 	-0.8	 	 	
1277805481804	-0.802478	 	 	 	
1277805481805	 	-0.8	 	 	
1277805481855	-0.802402	-0.8	 	 	
1277805481904	-0.802322	 	 	 	
1277805481905	 	-0.8	 	 	
1277805481954	-0.80212	 	 	 	
1277805481955	 	-0.8	 	 	
1277805481983	-0.80209	 	3	0	
1277805481984	 	-0.8	 	 	
1277805482004	-0.801723	 	 	 	
1277805482005	 	-0.8	 	 	
1277805482054	-0.801991	 	 	 	
1277805482055	 	-0.8	 	 	
1277805482104	-0.802057	 	 	 	
1277805482105	 	-0.8	 	 	
1277805482155	-0.80324	-0.8	 	 	
1277805482184	-0.803654	 	3	0	
1277805482185	 	-0.8	 	 	
1277805482205	-0.803849	-0.8	 	 	
1277805482255	-0.804826	-0.8	 	 	
1277805482305	-0.805564	-0.8	 	 	
1277805482355	-0.806119	 	 	 	
1277805482356	 	-0.8	 	 	
1277805482385	-0.806345	-0.8	3	0	
1277805482405	-0.806634	 	 	 	
1277805482406	 	-0.8	 	 	
1277805482455	-0.806954	 	 	 	
1277805482456	 	-0.8	 	 	
1277805482505	-0.806964	 	 	 	
1277805482506	 	-0.8	 	 	
1277805482555	-0.806075	 	 	 	
1277805482556	 	-0.8	 	 	
1277805482584	-0.805789	 	3	0	
1277805482585	 	-0.8	 	 	
1277805482605	-0.805707	 	 	 	
1277805482606	 	-0.8	 	 	
1277805482655	-0.805993	 	 	 	
1277805482656	 	-0.8	 	 	
1277805482705	-0.805834	 	 	 	
1277805482706	 	-0.8	 	 	
1277805482755	-0.804916	 	 	 	
1277805482756	 	-0.8	 	 	
1277805482784	-0.804053	 	3	0	
1277805482785	 	-0.8	 	 	
1277805482806	-0.802745	 	 	 	
1277805482807	 	-0.8	 	 	
1277805482857	-0.800997	-0.8	 	 	
1277805482907	-0.798624	 	 	 	
1277805482908	 	-0.8	 	 	
1277805482957	-0.796519	 	 	 	
1277805482958	 	-0.8	 	 	
1277805482984	 	 	3	0	
1277805482985	-0.795973	-0.8	 	 	
1277805483008	-0.795137	-0.8	 	 	
1277805483058	-0.793341	 	 	 	
1277805483059	 	-0.8	 	 	
1277805483109	-0.791748	-0.8	 	 	
1277805483159	-0.790152	 	 	 	
1277805483160	 	-0.8	 	 	
1277805483185	-0.789307	-0.8	3	0	
1277805483209	-0.788409	 	 	 	
1277805483210	 	-0.8	 	 	
1277805483260	-0.787622	-0.8	 	 	
1277805483310	-0.786822	 	 	 	
1277805483311	 	-0.8	 	 	
1277805483361	-0.786424	-0.8	 	 	
1277805483385	-0.786596	 	3	0	
1277805483386	 	-0.8	 	 	
1277805483411	-0.786259	-0.8	 	 	
1277805483461	-0.786809	-0.8	 	 	
1277805483511	-0.786435	-0.8	 	 	
1277805483561	-0.786702	-0.8	 	 	
1277805483585	-0.786649	-0.8	3	0	
1277805483611	-0.786772	-0.8	 	 	
1277805483661	-0.786168	-0.8	 	 	
1277805483711	-0.787066	-0.8	 	 	
1277805483761	-0.787773	-0.8	 	 	
1277805483785	-0.788269	 	3	0	
1277805483786	 	-0.8	 	 	
1277805483811	-0.788664	-0.8	 	 	
1277805483861	-0.788873	 	 	 	
1277805483862	 	-0.8	 	 	
1277805483911	-0.789138	 	 	 	
1277805483912	 	-0.8	 	 	
1277805483962	-0.79008	-0.8	 	 	
1277805483985	 	 	3	0	
1277805483986	-0.7903	-0.8	 	 	
1277805484013	-0.791262	-0.8	 	 	
1277805484063	-0.792177	-0.8	 	 	
1277805484113	-0.793595	 	 	 	
1277805484114	 	-0.8	 	 	
1277805484164	-0.794594	-0.8	 	 	
1277805484185	 	 	3	0	
1277805484186	-0.794792	-0.8	 	 	
1277805484214	-0.794866	 	 	 	
1277805484215	 	-0.8	 	 	
1277805484264	-0.795191	 	 	 	
1277805484265	 	-0.8	 	 	
1277805484315	-0.794479	-0.8	 	 	
1277805484365	-0.794532	-0.8	 	 	
1277805484386	-0.794369	-0.8	3	0	
1277805484415	-0.794371	 	 	 	
1277805484416	 	-0.8	 	 	
1277805484466	-0.79357	-0.8	 	 	
1277805484516	-0.793233	-0.8	 	 	
1277805484566	-0.793093	 	 	 	
1277805484567	 	-0.8	 	 	
1277805484586	-0.793009	 	3	0	
1277805484587	 	-0.8	 	 	
1277805484617	-0.793117	-0.8	 	 	
1277805484667	-0.793443	-0.8	 	 	
1277805484718	-0.792999	-0.8	 	 	
1277805484768	-0.793309	-0.8	 	 	
1277805484785	 	 	3	0	
1277805484786	-0.793919	-0.8	 	 	
1277805484818	-0.794409	 	 	 	
1277805484819	 	-0.8	 	 	
1277805484868	-0.795745	 	 	 	
1277805484869	 	-0.8	 	 	
1277805484918	-0.797411	 	 	 	
1277805484919	 	-0.8	 	 	
1277805484969	-0.799093	-0.8	 	 	
1277805484985	 	 	3	0	
1277805484986	-0.799484	-0.8	 	 	
1277805485019	-0.800397	 	 	 	
1277805485020	 	-0.8	 	 	
1277805485070	-0.801686	-0.8	 	 	
1277805485120	-0.803125	-0.8	 	 	
1277805485170	-0.803723	 	 	 	
1277805485171	 	-0.8	 	 	
1277805485185	 	 	3	0	
1277805485186	-0.803144	-0.8	 	 	
1277805485220	-0.803284	 	 	 	
1277805485221	 	-0.8	 	 	
1277805485271	-0.803482	-0.8	 	 	
1277805485322	-0.803493	-0.8	 	 	
1277805485372	-0.803457	-0.8	 	 	
1277805485386	-0.803497	 	3	0	
1277805485387	 	-0.8	 	 	
1277805485422	-0.803493	-0.8	 	 	
1277805485472	-0.802678	-0.8	 	 	
1277805485522	-0.80201	-0.8	 	 	
1277805485572	-0.801001	-0.8	 	 	
1277805485586	-0.800526	-0.8	3	0	
1277805485622	-0.799618	-0.8	 	 	
1277805485672	-0.798529	-0.8	 	 	
1277805485722	-0.797972	-0.8	 	 	
1277805485772	-0.798073	-0.8	 	 	
1277805485786	 	 	3	0	
1277805485787	-0.797941	-0.8	 	 	
1277805485822	-0.798556	-0.8	 	 	
1277805485872	-0.799183	-0.8	 	 	
1277805485922	-0.799414	 	 	 	
1277805485923	 	-0.8	 	 	
1277805485973	-0.799435	-0.8	 	 	
1277805485986	 	 	3	0	
1277805485987	-0.799519	-0.8	 	 	
1277805486022	-0.79985	 	 	 	
1277805486023	 	-0.8	 	 	
1277805486073	-0.799973	-0.8	 	 	
1277805486123	-0.799463	-0.8	 	 	
1277805486173	-0.79949	-0.8	 	 	
1277805486186	 	 	3	0	
1277805486187	-0.799493	-0.8	 	 	
1277805486223	-0.799116	-0.8	 	 	
1277805486273	-0.798758	-0.8	 	 	
1277805486323	-0.798627	-0.8	 	 	
1277805486373	-0.799542	-0.8	 	 	
1277805486388	-0.799606	-0.8	3	0	
1277805486423	-0.799861	-0.8	 	 	
1277805486473	-0.800785	-0.8	 	 	
1277805486523	-0.801379	 	 	 	
1277805486524	 	-0.8	 	 	
1277805486573	-0.801852	 	 	 	
1277805486574	 	-0.8	 	 	
1277805486587	-0.801955	-0.8	3	0	
1277805486623	-0.802517	 	 	 	
1277805486624	 	-0.8	 	 	
1277805486673	-0.804008	 	 	 	
1277805486674	 	-0.8	 	 	
1277805486723	-0.804888	 	 	 	
1277805486724	 	-0.8	 	 	
1277805486773	-0.806036	 	 	 	
1277805486774	 	-0.8	 	 	
1277805486787	-0.806348	-0.8	3	0	
1277805486823	-0.807475	 	 	 	
1277805486824	 	-0.8	 	 	
1277805486873	-0.809055	 	 	 	
1277805486874	 	-0.8	 	 	
1277805486923	-0.810726	 	 	 	
1277805486924	 	-0.8	 	 	
1277805486973	-0.811793	 	 	 	
1277805486974	 	-0.8	 	 	
1277805486988	-0.811701	-0.8	3	0	
1277805487024	-0.811648	-0.8	 	 	
1277805487074	-0.811117	-0.8	 	 	
1277805487124	-0.81035	 	 	 	
1277805487125	 	-0.8	 	 	
1277805487174	-0.808851	 	 	 	
1277805487175	 	-0.8	 	 	
1277805487188	-0.808737	-0.8	3	0	
1277805487225	-0.807485	 	 	 	
1277805487226	 	-0.8	 	 	
1277805487276	-0.805129	-0.8	 	 	
1277805487326	-0.803404	 	 	 	
1277805487327	 	-0.8	 	 	
1277805487376	-0.80197	 	 	 	
1277805487377	 	-0.8	 	 	
1277805487389	-0.801734	-0.8	3	0	
1277805487427	-0.800399	 	 	 	
1277805487428	 	-0.8	 	 	
1277805487477	-0.798491	 	 	 	
1277805487478	 	-0.8	 	 	
1277805487528	-0.796918	-0.8	 	 	
1277805487578	-0.79578	-0.8	 	 	
1277805487588	-0.795488	 	3	0	
1277805487589	 	-0.8	 	 	
1277805487629	-0.794552	-0.8	 	 	
1277805487679	-0.793757	 	 	 	
1277805487680	 	-0.8	 	 	
1277805487729	-0.793601	 	 	 	
1277805487730	 	-0.8	 	 	
1277805487779	-0.792801	 	 	 	
1277805487780	 	-0.8	 	 	
1277805487789	-0.792722	-0.7	4	0	
1277805487829	-0.794186	 	 	 	
1277805487830	 	-0.7	 	 	
1277805487879	-0.794934	 	 	 	
1277805487880	 	-0.7	 	 	
1277805487929	-0.795656	 	 	 	
1277805487930	 	-0.7	 	 	
1277805487979	-0.795676	 	 	 	
1277805487980	 	-0.7	 	 	
1277805487989	-0.795722	-0.7	5	0	
1277805488029	-0.794356	 	 	 	
1277805488030	 	-0.7	 	 	
1277805488080	-0.790921	-0.7	 	 	
1277805488130	-0.786634	-0.7	 	 	
1277805488180	-0.778493	-0.7	 	 	
1277805488190	-0.777582	-0.7	5	0	
1277805488230	-0.771415	-0.7	 	 	
1277805488280	-0.763048	-0.7	 	 	
1277805488330	-0.752176	-0.7	 	 	
1277805488380	-0.742631	 	 	 	
1277805488381	 	-0.7	 	 	
1277805488389	-0.741778	-0.7	5	0	
1277805488430	-0.732776	 	 	 	
1277805488431	 	-0.7	 	 	
1277805488480	-0.722926	 	 	 	
1277805488481	 	-0.7	 	 	
1277805488530	-0.713604	 	 	 	
1277805488531	 	-0.7	 	 	
1277805488580	-0.704796	 	 	 	
1277805488581	 	-0.7	 	 	
1277805488589	-0.702948	-0.7	5	0	
1277805488630	-0.696444	 	 	 	
1277805488631	 	-0.7	 	 	
1277805488680	-0.688494	 	 	 	
1277805488681	 	-0.7	 	 	
1277805488730	-0.68193	 	 	 	
1277805488731	 	-0.7	 	 	
1277805488780	-0.675302	 	 	 	
1277805488781	 	-0.7	 	 	
1277805488791	-0.674855	0	5	0	
1277805488830	-0.670594	 	 	 	
1277805488831	 	0	 	 	
1277805488881	-0.665835	0	 	 	
1277805488931	-0.661449	 	 	 	
1277805488932	 	0	 	 	
1277805488982	-0.654934	0	 	 	
1277805488990	-0.654352	0	5	0	
1277805489032	-0.644568	 	 	 	
1277805489033	 	0	 	 	
1277805489083	-0.607285	0	 	 	
1277805489133	-0.567649	 	 	 	
1277805489134	 	0	 	 	
1277805489184	-0.541241	0	 	 	
1277805489190	-0.507067	0	5	0	
1277805489234	-0.472448	0	 	 	
1277805489284	-0.425151	 	 	 	
1277805489285	 	0	 	 	
1277805489335	-0.411347	0	 	 	
1277805489385	-0.393702	0	 	 	
1277805489390	-0.391059	0	5	0	
1277805489435	-0.377929	 	 	 	
1277805489436	 	0	 	 	
1277805489486	-0.361764	0	 	 	
1277805489536	-0.344101	0	 	 	
1277805489586	-0.314954	 	 	 	
1277805489587	 	0	 	 	
1277805489590	-0.314954	0	5	0	
1277805489636	-0.299307	 	 	 	
1277805489637	 	0	 	 	
1277805489686	-0.279793	 	 	 	
1277805489687	 	0	 	 	
1277805489736	-0.259119	 	 	 	
1277805489737	 	0	 	 	
1277805489786	-0.238445	 	 	 	
1277805489787	 	0	 	 	
1277805489791	-0.236378	0	5	0	
1277805489836	-0.217772	 	 	 	
1277805489837	 	0	 	 	
1277805489886	-0.197098	 	 	 	
1277805489887	 	0	 	 	
1277805489936	-0.176424	 	 	 	
1277805489937	 	0	 	 	
1277805489986	-0.15575	 	 	 	
1277805489987	 	0	 	 	
1277805489991	-0.153683	0	5	0	
1277805490037	-0.135076	0	 	 	
1277805490087	-0.114402	0	 	 	
1277805490137	-0.0937285	0	 	 	
1277805490187	-0.227013	 	 	 	
1277805490188	 	0	 	 	
1277805490191	 	 	5	0	
1277805490192	-0.227013	0	 	 	
1277805490237	-0.234156	 	 	 	
1277805490238	 	0	 	 	
1277805490287	-0.235947	 	 	 	
1277805490288	 	0	 	 	
1277805490337	-0.235983	 	 	 	
1277805490338	 	0	 	 	
1277805490388	 	0	 	 	
1277805490391	-0.228	0	5	0	
1277805490437	-0.219984	 	 	 	
1277805490438	 	0	 	 	
1277805490487	-0.207557	 	 	 	
1277805490488	 	0	 	 	
1277805490537	-0.199179	 	 	 	
1277805490538	 	0	 	 	
1277805490587	-0.191735	 	 	 	
1277805490588	 	0	 	 	
1277805490591	 	 	5	0	
1277805490592	-0.190991	0	 	 	
1277805490637	-0.184291	 	 	 	
1277805490638	 	0	 	 	
1277805490687	-0.176846	 	 	 	
1277805490688	 	0	 	 	
1277805490738	-0.169402	0	 	 	
1277805490788	-0.161958	0	 	 	
1277805490792	-0.161958	 	5	0	
1277805490793	 	0	 	 	
1277805490838	-0.155258	0	 	 	
1277805490888	-0.147813	0	 	 	
1277805490938	-0.140369	 	 	 	
1277805490988	-0.132925	 	 	 	
1277805490989	 	0	 	 	
1277805490992	-0.13218	 	5	0	
1277805490993	 	0	 	 	
1277805491038	-0.125481	 	 	 	
1277805491039	 	0	 	 	
1277805491088	-0.124371	 	 	 	
1277805491089	 	0	 	 	
1277805491138	-0.124364	 	 	 	
1277805491139	 	0	 	 	
1277805491188	-0.124364	 	 	 	
1277805491189	 	0	 	 	
1277805491193	-0.124364	0	5	0	
1277805491238	-0.124364	 	 	 	
1277805491239	 	0	 	 	
1277805491288	-0.124364	 	 	 	
1277805491289	 	0	 	 	
1277805491339	-0.124364	0	 	 	
1277805491389	-0.124364	0	 	 	
1277805491392	-0.124364	0	5	0	
1277805491439	-0.124364	 	 	 	
1277805491440	 	0	 	 	
1277805491490	-0.124364	0	 	 	
1277805491540	-0.124364	0	 	 	
1277805491591	-0.124364	0	 	 	
1277805491592	 	 	5	0	
1277805491593	-0.124364	0	 	 	
1277805491641	-0.124364	0	 	 	
1277805491691	-0.124364	 	 	 	
1277805491692	 	0	 	 	
1277805491741	-0.124364	 	 	 	
1277805491742	 	0	 	 	
1277805491792	-0.124364	0	 	 	
1277805491794	-0.124364	0	5	0	
1277805491842	-0.124364	 	 	 	
1277805491843	 	0	 	 	
1277805491893	-0.124364	0	 	 	
1277805491943	-0.124364	0	 	 	
1277805491993	-0.124364	 	 	 	
1277805491994	-0.124364	0	5	0	
1277805491995	 	0	 	 	
1277805492043	-0.124364	 	 	 	
1277805492044	 	0	 	 	
1277805492094	-0.124364	0	 	 	
1277805492144	-0.124364	0	 	 	
1277805492194	-0.124364	 	 	 	
1277805492195	 	0	 	 	
1277805492196	-0.124364	 	5	0	
1277805492197	 	0	 	 	
1277805492245	-0.124364	0	 	 	
1277805492295	-0.124364	 	 	 	
1277805492296	 	0	 	 	
1277805492345	-0.124364	 	 	 	
1277805492346	 	0	 	 	
1277805492396	-0.124364	0	 	 	
1277805492397	-0.124364	0	5	0	
1277805492446	-0.124364	 	 	 	
1277805492447	 	0	 	 	
1277805492497	-0.124364	0	 	 	
1277805492547	-0.124364	0	 	 	
1277805492597	-0.124364	 	 	 	
1277805492598	-0.124364	0	5	0	
1277805492599	 	0	 	 	
1277805492648	-0.124364	0	 	 	
1277805492698	-0.124364	 	 	 	
1277805492699	 	0	 	 	
1277805492748	-0.124364	 	 	 	
1277805492749	 	0	 	 	
1277805492798	-0.124364	0	5	0	
1277805492800	-0.124364	0	 	 	
1277805492849	-0.124364	0	 	 	
1277805492899	-0.124364	0	 	 	
1277805492949	-0.124364	0	 	 	
1277805492998	-0.124364	0	7	0.523867	
1277805492999	-0.124364	0	 	 	
1277805493049	-0.124364	0	 	 	
1277805493099	-0.124364	0	 	 	
1277805493149	-0.124364	0	 	 	
1277805493198	-0.124364	0	7	0.397117	
1277805493200	-0.124364	0	 	 	
1277805493250	-0.124364	 	 	 	
1277805493251	 	0	 	 	
1277805493300	-0.124364	 	 	 	
1277805493301	 	0	 	 	
1277805493351	-0.124364	0	 	 	
1277805493398	-0.124364	0	7	0.267117	
1277805493401	-0.124364	 	 	 	
1277805493402	 	0	 	 	
1277805493451	-0.124364	 	 	 	
1277805493452	 	0	 	 	
1277805493502	-0.124364	0	 	 	
1277805493552	-0.124364	0	 	 	
1277805493598	-0.124364	0	7	0.137117	
1277805493602	-0.124364	 	 	 	
1277805493603	 	0	 	 	
1277805493653	-0.124364	0	 	 	
1277805493703	-0.124364	0	 	 	
1277805493753	-0.124364	 	 	 	
1277805493754	 	0	 	 	
1277805493798	-0.124364	0	8	0.101367	
1277805493803	-0.124364	 	 	 	
1277805493804	 	0	 	 	
1277805493853	-0.124364	 	 	 	
1277805493854	 	0	 	 	
1277805493903	-0.124364	 	 	 	
1277805493904	 	0	 	 	
1277805493953	-0.124364	 	 	 	
1277805493954	 	0	 	 	
1277805493998	-0.124364	0	8	0.101367	
1277805494003	-0.124364	 	 	 	
1277805494004	 	0	 	 	
1277805494053	-0.124364	 	 	 	
1277805494054	 	0	 	 	
1277805494103	-0.124364	 	 	 	
1277805494104	 	0	 	 	
1277805494153	-0.124364	 	 	 	
1277805494154	 	0	 	 	
1277805494198	 	 	8	0.101367	
1277805494199	-0.124364	0	 	 	
1277805494203	-0.124364	 	 	 	
1277805494204	 	0	 	 	
1277805494253	-0.124364	 	 	 	
1277805494254	 	0	 	 	
1277805494304	-0.124364	0	 	 	
1277805494354	-0.124364	 	 	 	
1277805494355	 	0	 	 	
1277805494398	 	 	8	0.101367	
1277805494399	-0.124364	0	 	 	
1277805494404	-0.124364	 	 	 	
1277805494405	 	0	 	 	
1277805494454	-0.124364	 	 	 	
1277805494455	 	0	 	 	
1277805494504	-0.124364	 	 	 	
1277805494505	 	0	 	 	
1277805494554	-0.124364	 	 	 	
1277805494555	 	0	 	 	
1277805494598	 	 	8	0.101367	
1277805494599	-0.124364	0	 	 	
1277805494604	-0.124364	 	 	 	
1277805494605	 	0	 	 	
1277805494654	-0.124364	 	 	 	
1277805494655	 	0	 	 	
1277805494704	-0.124364	 	 	 	
1277805494705	 	0	 	 	
1277805494754	-0.124364	 	 	 	
1277805494755	 	0	 	 	
1277805494800	-0.124364	0	 	 	
1277805494804	-0.124364	 	 	 	
1277805494805	 	0	 	 	
1277805494854	-0.124364	 	 	 	
1277805494855	 	0	 	 	
1277805494905	-0.124364	0	 	 	
1277805494955	-0.124364	0	 	 	
1277805494999	-0.124364	 	8	0.101367	
1277805495000	 	0	 	 	
1277805495005	-0.124364	0	 	 	
1277805495055	-0.124364	0	 	 	
1277805495105	-0.124364	 	 	 	
1277805495106	 	0	 	 	
1277805495155	-0.124364	 	 	 	
1277805495156	 	0	 	 	
1277805495199	 	 	8	0.101367	
1277805495200	-0.124364	0	 	 	
1277805495205	-0.124364	 	 	 	
1277805495206	 	0	 	 	
1277805495255	-0.124364	 	 	 	
1277805495256	 	0	 	 	
1277805495305	-0.124364	 	 	 	
1277805495306	 	0	 	 	
1277805495355	-0.124364	 	 	 	
1277805495356	 	0	 	 	
1277805495399	 	 	8	0.101367	
1277805495400	-0.124364	0	 	 	
1277805495405	-0.124364	 	 	 	
1277805495406	 	0	 	 	
1277805495455	-0.124364	 	 	 	
1277805495456	 	0	 	 	
1277805495505	-0.124364	 	 	 	
1277805495506	 	0	 	 	
1277805495556	-0.124364	0	 	 	
1277805495599	 	 	8	0.101367	
1277805495600	-0.124364	0	 	 	
1277805495606	-0.124364	0	 	 	
1277805495656	-0.124364	0	 	 	
1277805495706	-0.124364	0	 	 	
1277805495756	-0.124364	0	 	 	
1277805495799	 	 	8	0.101367	
1277805495800	-0.124364	0	 	 	
1277805495807	-0.124364	0	 	 	
1277805495856	-0.124364	0	 	 	
1277805495906	-0.124364	0	 	 	
1277805495956	-0.124364	0	 	 	
1277805496000	-0.124364	0	8	0.101367	
1277805496006	-0.124364	0	 	 	
1277805496056	-0.124364	0	 	 	
1277805496106	-0.124364	0	 	 	
1277805496156	-0.124364	0	 	 	
1277805496200	-0.124364	0	8	0.101367	
1277805496207	-0.124364	0	 	 	
1277805496257	-0.124364	 	 	 	
1277805496258	 	0	 	 	
1277805496307	-0.124364	 	 	 	
1277805496308	 	0	 	 	
1277805496358	-0.124364	0	 	 	
1277805496400	-0.124364	0	8	0.101367	
1277805496408	-0.124364	 	 	 	
1277805496409	 	0	 	 	
1277805496459	-0.124364	0	 	 	
1277805496509	-0.124364	0	 	 	
1277805496559	-0.124364	0	 	 	
1277805496600	-0.124364	0	8	0.101367	
1277805496609	-0.124364	 	 	 	
1277805496610	 	0	 	 	
1277805496660	-0.124364	0	 	 	
1277805496710	-0.124364	0	 	 	
1277805496761	 	0	 	 	
1277805496800	-0.124364	0	8	0.101367	
1277805496810	-0.124364	 	 	 	
1277805496811	 	0	 	 	
1277805496860	-0.124364	 	 	 	
1277805496861	 	0	 	 	
1277805496910	-0.124364	 	 	 	
1277805496911	 	0	 	 	
1277805496960	-0.124364	 	 	 	
1277805496961	 	0	 	 	
1277805497000	-0.124364	0	8	0.101367	
1277805497010	-0.124364	 	 	 	
1277805497011	 	0	 	 	
1277805497060	-0.124364	 	 	 	
1277805497061	 	0	 	 	
1277805497110	-0.124364	 	 	 	
1277805497111	 	0	 	 	
1277805497160	-0.124364	 	 	 	
1277805497161	 	0	 	 	
1277805497201	-0.124364	0	8	0.101367	
1277805497210	-0.124364	 	 	 	
1277805497211	 	0	 	 	
1277805497261	-0.124364	0	 	 	
1277805497311	-0.124364	0	 	 	
1277805497361	-0.124364	 	 	 	
1277805497362	 	0	 	 	
1277805497400	-0.124364	0	8	0.101367	
1277805497412	-0.124364	 	 	 	
1277805497413	 	0	 	 	
1277805497462	-0.124364	 	 	 	
1277805497463	 	0	 	 	
1277805497513	-0.124364	0	 	 	
1277805497563	-0.124364	0	 	 	
1277805497600	-0.124364	0	8	0.101367	
1277805497613	-0.124364	 	 	 	
1277805497614	 	0	 	 	
1277805497664	-0.124364	0	 	 	
1277805497714	-0.124364	0	 	 	
1277805497764	-0.124364	 	 	 	
1277805497765	 	0	 	 	
1277805497800	-0.124364	 	8	0.101367	
1277805497801	 	0	 	 	
1277805497815	-0.124364	0	 	 	
1277805497865	-0.124364	0	 	 	
1277805497915	-0.124364	0	 	 	
1277805497965	-0.124364	 	 	 	
1277805497966	 	0	 	 	
1277805498001	-0.124364	0	8	0.101367	
1277805498016	-0.124364	0	 	 	
1277805498066	-0.124364	0	 	 	
1277805498116	-0.124364	 	 	 	
1277805498117	 	0	 	 	
1277805498166	-0.124364	 	 	 	
1277805498167	 	0	 	 	
1277805498200	-0.124364	 	8	0.101367	
1277805498201	 	0	 	 	
1277805498217	-0.124364	 	 	 	
1277805498218	 	0	 	 	
1277805498268	-0.124364	0	 	 	
1277805498318	-0.124364	0	 	 	
1277805498368	-0.124364	 	 	 	
1277805498369	 	0	 	 	
1277805498400	-0.124364	0	8	0.101367	
1277805498419	-0.124364	0	 	 	
1277805498469	-0.124364	0	 	 	
1277805498519	-0.124364	 	 	 	
1277805498520	 	0	 	 	
1277805498569	-0.124364	 	 	 	
1277805498570	 	0	 	 	
1277805498600	-0.124364	 	8	0.101367	
1277805498601	 	0	 	 	
1277805498620	-0.124364	0	 	 	
1277805498670	-0.124364	0	 	 	
1277805498720	-0.124364	0	 	 	
1277805498770	-0.124364	 	 	 	
1277805498771	 	0	 	 	
1277805498801	-0.124364	0	8	0.101367	
1277805498821	-0.124364	0	 	 	
1277805498871	-0.124364	0	 	 	
1277805498921	-0.124364	 	 	 	
1277805498922	 	0	 	 	
1277805498971	-0.124364	 	 	 	
1277805498972	 	0	 	 	
1277805499001	-0.124364	0	8	0.101367	
1277805499021	-0.124364	 	 	 	
1277805499022	 	0	 	 	
1277805499071	-0.124364	 	 	 	
1277805499072	 	0	 	 	
1277805499122	-0.124364	0	 	 	
1277805499172	-0.124364	0	 	 	
1277805499201	-0.124364	0	8	0.101367	
1277805499222	-0.124364	0	 	 	
1277805499272	-0.124364	0	 	 	
1277805499322	-0.124364	0	 	 	
1277805499372	-0.124364	0	 	 	
1277805499402	-0.124364	0	8	0.101367	
1277805499422	-0.124364	0	 	 	
1277805499472	-0.124364	0	 	 	
1277805499522	-0.124364	 	 	 	
1277805499523	 	0	 	 	
1277805499572	-0.124364	 	 	 	
1277805499573	 	0	 	 	
1277805499601	-0.124364	 	8	0.101367	
1277805499602	 	0	 	 	
1277805499623	-0.124364	 	 	 	
1277805499624	 	0	 	 	
1277805499672	-0.124364	 	 	 	
1277805499673	 	0	 	 	
1277805499722	-0.124364	 	 	 	
1277805499723	 	0	 	 	
1277805499772	-0.124364	 	 	 	
1277805499773	 	0	 	 	
1277805499801	-0.124364	 	8	0.101367	
1277805499802	 	0	 	 	
1277805499822	-0.124364	 	 	 	
1277805499823	 	0	 	 	
1277805499872	-0.124364	 	 	 	
1277805499873	 	0	 	 	
