unix_timestamp	pos.z	pos_sp.z	state.fly.x	state.fly.y	
1277804347225	-0.168417	0	 	 	
1277804347275	-0.168417	0	 	 	
1277804347325	-0.168417	0	 	 	
1277804347374	-0.168417	0	8	0	
1277804347376	-0.168417	0	 	 	
1277804347426	-0.168417	 	 	 	
1277804347427	 	0	 	 	
1277804347477	-0.168417	0	 	 	
1277804347527	-0.168417	0	 	 	
1277804347574	-0.168417	0	8	0	
1277804347577	-0.168417	 	 	 	
1277804347578	 	0	 	 	
1277804347627	-0.168417	 	 	 	
1277804347628	 	0	 	 	
1277804347678	-0.168417	0	 	 	
1277804347728	-0.168417	 	 	 	
1277804347729	 	0	 	 	
1277804347773	-0.168417	0	8	0	
1277804347778	-0.168417	 	 	 	
1277804347779	 	0	 	 	
1277804347828	-0.168417	 	 	 	
1277804347829	 	0	 	 	
1277804347878	-0.168417	 	 	 	
1277804347879	 	0	 	 	
1277804347928	-0.168417	 	 	 	
1277804347929	 	0	 	 	
1277804347973	-0.168417	0	8	0	
1277804347979	-0.168417	0	 	 	
1277804348029	-0.168417	0	 	 	
1277804348079	-0.168417	0	 	 	
1277804348129	-0.168417	0	 	 	
1277804348174	-0.168417	 	8	0	
1277804348175	 	0	 	 	
1277804348179	-0.168417	0	 	 	
1277804348229	-0.168417	0	 	 	
1277804348279	-0.168417	0	 	 	
1277804348329	-0.168417	0	 	 	
1277804348375	-0.168417	 	8	0	
1277804348376	 	0	 	 	
1277804348379	-0.168417	0	 	 	
1277804348429	-0.168417	 	 	 	
1277804348430	 	0	 	 	
1277804348479	-0.168417	 	 	 	
1277804348480	 	0	 	 	
1277804348530	-0.168417	0	 	 	
1277804348574	 	 	8	0	
1277804348575	-0.168417	0	 	 	
1277804348580	-0.168417	0	 	 	
1277804348630	-0.168417	0	 	 	
1277804348680	-0.168417	0	 	 	
1277804348730	-0.168417	0	 	 	
1277804348775	-0.168417	 	8	0	
1277804348776	 	0	 	 	
1277804348780	-0.168417	0	 	 	
1277804348830	-0.168417	0	 	 	
1277804348880	-0.168417	0	 	 	
1277804348930	-0.168417	0	 	 	
1277804348975	-0.168417	0	8	0	
1277804348980	-0.168417	0	 	 	
1277804349030	-0.168417	0	 	 	
1277804349080	-0.168417	0	 	 	
1277804349130	-0.168417	 	 	 	
1277804349131	 	0	 	 	
1277804349175	 	 	8	0	
1277804349176	-0.168417	0	 	 	
1277804349180	-0.168417	 	 	 	
1277804349181	 	0	 	 	
1277804349230	-0.168417	 	 	 	
1277804349231	 	0	 	 	
1277804349280	-0.168417	 	 	 	
1277804349281	 	0	 	 	
1277804349330	-0.168417	 	 	 	
1277804349331	 	0	 	 	
1277804349376	-0.168417	0	8	0	
1277804349380	-0.168417	 	 	 	
1277804349381	 	0	 	 	
1277804349430	-0.168417	 	 	 	
1277804349431	 	0	 	 	
1277804349480	-0.168417	 	 	 	
1277804349481	 	0	 	 	
1277804349530	-0.168417	 	 	 	
1277804349531	 	0	 	 	
1277804349577	-0.168417	0	8	0	
1277804349580	-0.168417	 	 	 	
1277804349581	 	0	 	 	
1277804349631	-0.168417	0	 	 	
1277804349681	-0.168417	0	 	 	
1277804349731	-0.168417	 	 	 	
1277804349732	 	0	 	 	
1277804349777	-0.168417	0	8	0	
1277804349781	-0.168417	 	 	 	
1277804349782	 	0	 	 	
1277804349831	-0.168417	 	 	 	
1277804349832	 	0	 	 	
1277804349881	-0.168417	 	 	 	
1277804349882	 	0	 	 	
1277804349931	-0.168417	 	 	 	
1277804349932	 	0	 	 	
1277804349977	-0.168417	0	8	0	
1277804349981	-0.168417	 	 	 	
1277804349982	 	0	 	 	
1277804350031	-0.168417	 	 	 	
1277804350032	 	0	 	 	
1277804350081	-0.168417	 	 	 	
1277804350082	 	0	 	 	
1277804350131	-0.168417	 	 	 	
1277804350132	 	0	 	 	
1277804350177	-0.168417	0	8	0	
1277804350181	-0.168417	 	 	 	
1277804350182	 	0	 	 	
1277804350232	-0.168417	0	 	 	
1277804350282	-0.168417	0	 	 	
1277804350332	-0.168417	0	 	 	
1277804350377	-0.168417	-0.8	0	0	
1277804350382	-0.168417	-0.8	 	 	
1277804350432	-0.168417	-0.8	 	 	
1277804350482	-0.168417	-0.8	 	 	
1277804350532	-0.168417	-0.8	 	 	
1277804350578	-0.168417	-0.8	0	0	
1277804350582	-0.168417	-0.8	 	 	
1277804350632	-0.168417	-0.8	 	 	
1277804350682	-0.168417	-0.8	 	 	
1277804350732	-0.168417	 	 	 	
1277804350733	 	-0.8	 	 	
1277804350777	-0.168417	 	0	0	
1277804350782	-0.168417	 	 	 	
1277804350783	 	-0.8	 	 	
1277804350832	-0.168417	 	 	 	
1277804350833	 	-0.8	 	 	
1277804350882	-0.168417	 	 	 	
1277804350883	 	-0.8	 	 	
1277804350932	-0.168417	 	 	 	
1277804350933	 	-0.8	 	 	
1277804350977	-0.168417	-0.8	0	0	
1277804350982	-0.168417	 	 	 	
1277804350983	 	-0.8	 	 	
1277804351032	-0.168417	 	 	 	
1277804351033	 	-0.8	 	 	
1277804351082	-0.168417	 	 	 	
1277804351083	 	-0.8	 	 	
1277804351132	-0.168417	 	 	 	
1277804351133	 	-0.8	 	 	
1277804351177	-0.168417	-0.8	0	0	
1277804351182	-0.168417	 	 	 	
1277804351183	 	-0.8	 	 	
1277804351232	-0.168417	 	 	 	
1277804351233	 	-0.8	 	 	
1277804351282	-0.168417	 	 	 	
1277804351283	 	-0.8	 	 	
1277804351332	-0.168417	 	 	 	
1277804351333	 	-0.8	 	 	
1277804351377	-0.168417	 	0	0	
1277804351378	 	-0.8	 	 	
1277804351382	-0.168417	 	 	 	
1277804351383	 	-0.8	 	 	
1277804351432	-0.168417	 	 	 	
1277804351433	 	-0.8	 	 	
1277804351482	-0.168417	 	 	 	
1277804351483	 	-0.8	 	 	
1277804351532	-0.168417	 	 	 	
1277804351533	 	-0.8	 	 	
1277804351577	-0.168417	 	0	0	
1277804351578	 	-0.8	 	 	
1277804351583	-0.168417	-0.8	 	 	
1277804351633	-0.168417	-0.8	 	 	
1277804351683	-0.168417	-0.8	 	 	
1277804351733	-0.168417	-0.8	 	 	
1277804351777	 	 	0	0	
1277804351778	-0.168417	-0.8	 	 	
1277804351783	-0.168417	-0.8	 	 	
1277804351833	-0.168417	-0.8	 	 	
1277804351883	-0.168417	-0.8	 	 	
1277804351933	-0.168417	-0.8	 	 	
1277804351978	-0.168417	-0.8	 	 	
1277804351983	-0.168417	-0.8	 	 	
1277804352033	-0.168417	-0.8	 	 	
1277804352083	-0.168417	-0.8	 	 	
1277804352133	-0.168417	-0.8	 	 	
1277804352178	-0.168417	-0.8	0	0	
1277804352183	-0.168417	-0.8	 	 	
1277804352233	-0.168417	-0.8	 	 	
1277804352283	-0.168417	 	 	 	
1277804352284	 	-0.8	 	 	
1277804352333	-0.168417	 	 	 	
1277804352334	 	-0.8	 	 	
1277804352378	-0.168417	-0.8	0	0	
1277804352383	-0.168417	 	 	 	
1277804352384	 	-0.8	 	 	
1277804352433	-0.168417	 	 	 	
1277804352434	 	-0.8	 	 	
1277804352483	-0.168417	 	 	 	
1277804352484	 	-0.8	 	 	
1277804352533	-0.168417	 	 	 	
1277804352534	 	-0.8	 	 	
1277804352578	-0.168417	-0.8	0	0	
1277804352583	-0.168417	 	 	 	
1277804352633	-0.168417	 	 	 	
1277804352634	 	-0.8	 	 	
1277804352683	-0.168417	 	 	 	
1277804352684	 	-0.8	 	 	
1277804352733	-0.168417	 	 	 	
1277804352734	 	-0.8	 	 	
1277804352778	-0.168417	-0.8	0	0	
1277804352783	-0.168417	 	 	 	
1277804352784	 	-0.8	 	 	
1277804352833	-0.168417	 	 	 	
1277804352834	 	-0.8	 	 	
1277804352883	-0.168417	 	 	 	
1277804352884	 	-0.8	 	 	
1277804352933	-0.168417	 	 	 	
1277804352934	 	-0.8	 	 	
1277804352978	-0.168417	 	0	0	
1277804352979	 	-0.8	 	 	
1277804352984	-0.168417	-0.8	 	 	
1277804353034	-0.168417	-0.8	 	 	
1277804353084	-0.168417	-0.8	 	 	
1277804353134	-0.168417	-0.8	 	 	
1277804353178	-0.168417	 	0	0	
1277804353179	 	-0.8	 	 	
1277804353184	-0.168417	-0.8	 	 	
1277804353234	-0.168417	-0.8	 	 	
1277804353284	-0.168417	-0.8	 	 	
1277804353334	-0.168417	-0.8	 	 	
1277804353378	 	 	0	0	
1277804353379	-0.168417	-0.8	 	 	
1277804353384	-0.168417	-0.8	 	 	
1277804353434	-0.168417	-0.8	 	 	
1277804353484	-0.168417	-0.8	 	 	
1277804353534	-0.168417	-0.8	 	 	
1277804353579	-0.168417	-0.8	0	0	
1277804353584	-0.168417	-0.8	 	 	
1277804353634	-0.168417	-0.8	 	 	
1277804353684	-0.168417	-0.8	 	 	
1277804353734	-0.168417	-0.8	 	 	
1277804353779	-0.168417	-0.8	0	0	
1277804353784	-0.168417	-0.8	 	 	
1277804353834	-0.168417	 	 	 	
1277804353835	 	-0.8	 	 	
1277804353884	-0.168417	 	 	 	
1277804353885	 	-0.8	 	 	
1277804353934	-0.168417	 	 	 	
1277804353935	 	-0.8	 	 	
1277804353979	-0.168417	-0.8	0	0	
1277804353984	-0.168417	 	 	 	
1277804353985	 	-0.8	 	 	
1277804354034	-0.168417	 	 	 	
1277804354035	 	-0.8	 	 	
1277804354084	-0.168417	 	 	 	
1277804354085	 	-0.8	 	 	
1277804354134	-0.168417	 	 	 	
1277804354135	 	-0.8	 	 	
1277804354179	-0.168417	-0.8	0	0	
1277804354184	-0.168417	 	 	 	
1277804354185	 	-0.8	 	 	
1277804354234	-0.168417	 	 	 	
1277804354235	 	-0.8	 	 	
1277804354284	-0.168417	 	 	 	
1277804354285	 	-0.8	 	 	
1277804354334	-0.168417	 	 	 	
1277804354335	 	-0.8	 	 	
1277804354379	-0.168417	-0.8	0	0	
1277804354384	-0.168417	 	 	 	
1277804354385	 	-0.8	 	 	
1277804354434	-0.168417	 	 	 	
1277804354435	 	-0.8	 	 	
1277804354484	-0.168417	 	 	 	
1277804354485	 	-0.8	 	 	
1277804354534	-0.168417	 	 	 	
1277804354535	 	-0.8	 	 	
1277804354579	-0.168417	 	0	0	
1277804354580	 	-0.8	 	 	
1277804354585	-0.168417	-0.8	 	 	
1277804354635	-0.168417	-0.8	 	 	
1277804354685	-0.168417	-0.8	 	 	
1277804354735	-0.168417	-0.8	 	 	
1277804354779	-0.168417	 	0	0	
1277804354780	 	-0.8	 	 	
1277804354785	-0.168417	-0.8	 	 	
1277804354835	-0.168417	-0.8	 	 	
1277804354885	-0.168417	-0.8	 	 	
1277804354935	-0.168417	-0.8	 	 	
1277804354979	 	 	0	0	
1277804354980	-0.168417	-0.8	 	 	
1277804354985	-0.168417	-0.8	 	 	
1277804355035	-0.168417	-0.8	 	 	
1277804355085	-0.168417	-0.8	 	 	
1277804355135	-0.168417	 	 	 	
1277804355136	 	-0.8	 	 	
1277804355179	 	 	0	0	
1277804355180	-0.168417	-0.8	 	 	
1277804355185	-0.168417	 	 	 	
1277804355186	 	-0.8	 	 	
1277804355235	-0.168417	 	 	 	
1277804355236	 	-0.8	 	 	
1277804355285	-0.168417	 	 	 	
1277804355286	 	-0.8	 	 	
1277804355335	-0.168417	 	 	 	
1277804355336	 	-0.8	 	 	
1277804355379	-0.168417	 	0	0	
1277804355380	 	-0.8	 	 	
1277804355386	-0.168417	-0.8	 	 	
1277804355436	-0.168417	-0.8	 	 	
1277804355486	-0.168417	-0.8	 	 	
1277804355536	-0.168417	-0.8	 	 	
1277804355580	-0.168417	-0.8	1	0	
1277804355586	-0.168417	-0.8	 	 	
1277804355636	-0.168417	-0.8	 	 	
1277804355686	-0.168417	-0.8	 	 	
1277804355736	-0.168417	 	 	 	
1277804355737	 	-0.8	 	 	
1277804355781	-0.168417	-0.8	1	0	
1277804355786	-0.168417	 	 	 	
1277804355787	 	-0.8	 	 	
1277804355836	-0.168417	 	 	 	
1277804355837	 	-0.8	 	 	
1277804355886	-0.168417	 	 	 	
1277804355887	 	-0.8	 	 	
1277804355936	-0.168417	 	 	 	
1277804355937	 	-0.8	 	 	
1277804355981	-0.168417	-0.8	1	0	
1277804355986	-0.168417	 	 	 	
1277804355987	 	-0.8	 	 	
1277804356037	-0.168417	-0.8	 	 	
1277804356087	-0.168417	-0.8	 	 	
1277804356137	-0.168417	-0.8	 	 	
1277804356181	-0.168417	-0.8	1	0	
1277804356187	-0.168417	-0.8	 	 	
1277804356237	-0.168417	-0.8	 	 	
1277804356287	-0.168417	-0.8	 	 	
1277804356337	-0.168417	-0.8	 	 	
1277804356381	-0.168417	-0.8	1	0	
1277804356387	-0.168417	-0.8	 	 	
1277804356437	-0.168417	 	 	 	
1277804356438	 	-0.8	 	 	
1277804356487	-0.168417	 	 	 	
1277804356488	 	-0.8	 	 	
1277804356537	-0.168417	 	 	 	
1277804356538	 	-0.8	 	 	
1277804356582	-0.168417	-0.8	2	0	
1277804356587	-0.168417	 	 	 	
1277804356588	 	-0.8	 	 	
1277804356638	-0.168417	-0.8	 	 	
1277804356688	-0.168417	-0.8	 	 	
1277804356738	-0.34317	-0.8	 	 	
1277804356782	-0.363905	-0.8	2	0	
1277804356788	-0.365638	-0.8	 	 	
1277804356838	-0.382095	-0.8	 	 	
1277804356888	-0.392529	-0.8	 	 	
1277804356938	-0.412554	-0.8	 	 	
1277804356982	 	 	2	0	
1277804356983	-0.431388	-0.8	 	 	
1277804356988	-0.433198	-0.8	 	 	
1277804357038	-0.454653	-0.8	 	 	
1277804357088	-0.48005	-0.8	 	 	
1277804357138	-0.503005	 	 	 	
1277804357139	 	-0.8	 	 	
1277804357183	-0.520913	-0.8	2	0	
1277804357188	-0.522362	 	 	 	
1277804357189	 	-0.8	 	 	
1277804357238	-0.54407	 	 	 	
1277804357239	 	-0.8	 	 	
1277804357288	-0.555459	 	 	 	
1277804357289	 	-0.8	 	 	
1277804357339	-0.571462	-0.8	 	 	
1277804357382	 	 	2	0	
1277804357383	-0.583148	-0.8	 	 	
1277804357389	-0.584751	-0.8	 	 	
1277804357439	-0.59411	-0.8	 	 	
1277804357489	-0.602816	-0.8	 	 	
1277804357539	-0.609327	-0.8	 	 	
1277804357583	-0.613147	-0.8	2	0	
1277804357589	-0.611491	-0.8	 	 	
1277804357639	-0.615708	-0.8	 	 	
1277804357689	-0.619941	 	 	 	
1277804357690	 	-0.8	 	 	
1277804357739	-0.622204	 	 	 	
1277804357740	 	-0.8	 	 	
1277804357783	-0.624369	-0.8	2	0	
1277804357789	-0.62474	 	 	 	
1277804357790	 	-0.8	 	 	
1277804357839	-0.625067	 	 	 	
1277804357840	 	-0.8	 	 	
1277804357889	-0.625905	 	 	 	
1277804357890	 	-0.8	 	 	
1277804357939	-0.626017	 	 	 	
1277804357940	 	-0.8	 	 	
1277804357983	-0.624665	-0.8	2	0	
1277804357990	-0.624748	 	 	 	
1277804357991	 	-0.8	 	 	
1277804358041	-0.62438	-0.8	 	 	
1277804358091	-0.624885	-0.8	 	 	
1277804358141	-0.625887	 	 	 	
1277804358142	 	-0.8	 	 	
1277804358183	-0.626514	 	2	0	
1277804358184	 	-0.8	 	 	
1277804358192	-0.626638	-0.8	 	 	
1277804358242	-0.627352	 	 	 	
1277804358243	 	-0.8	 	 	
1277804358292	-0.627755	 	 	 	
1277804358293	 	-0.8	 	 	
1277804358343	-0.626756	-0.8	 	 	
1277804358384	-0.625921	-0.8	2	0	
1277804358393	-0.625847	-0.8	 	 	
1277804358443	-0.624441	 	 	 	
1277804358444	 	-0.8	 	 	
1277804358493	-0.6209	 	 	 	
1277804358494	 	-0.8	 	 	
1277804358544	-0.617078	-0.8	 	 	
1277804358584	 	 	2	0	
1277804358585	-0.602942	-0.8	 	 	
1277804358594	-0.601535	-0.8	 	 	
1277804358644	-0.603533	-0.8	 	 	
1277804358694	-0.607351	-0.8	 	 	
1277804358744	-0.606452	-0.8	 	 	
1277804358784	-0.604718	 	2	0	
1277804358785	 	-0.8	 	 	
1277804358794	-0.604379	-0.8	 	 	
1277804358844	-0.601781	-0.8	 	 	
1277804358894	-0.597389	 	 	 	
1277804358895	 	-0.8	 	 	
1277804358944	-0.591636	 	 	 	
1277804358945	 	-0.8	 	 	
1277804358984	-0.591078	-0.8	2	0	
1277804358994	-0.59192	 	 	 	
1277804358995	 	-0.8	 	 	
1277804359044	-0.591261	 	 	 	
1277804359045	 	-0.8	 	 	
1277804359094	-0.590623	 	 	 	
1277804359095	 	-0.8	 	 	
1277804359144	-0.59081	 	 	 	
1277804359145	 	-0.8	 	 	
1277804359184	-0.590422	-0.8	2	0	
1277804359194	-0.590275	 	 	 	
1277804359195	 	-0.8	 	 	
1277804359244	-0.592549	 	 	 	
1277804359245	 	-0.8	 	 	
1277804359295	-0.596377	-0.8	 	 	
1277804359345	-0.594658	-0.8	 	 	
1277804359384	-0.592103	-0.8	2	0	
1277804359395	-0.591036	-0.8	 	 	
1277804359445	-0.589612	-0.8	 	 	
1277804359495	-0.588021	-0.8	 	 	
1277804359545	-0.588226	-0.8	 	 	
1277804359585	-0.590022	-0.8	2	0	
1277804359595	-0.590074	-0.8	 	 	
1277804359645	-0.587277	-0.8	 	 	
1277804359695	-0.585739	-0.8	 	 	
1277804359745	-0.584561	 	 	 	
1277804359746	 	-0.8	 	 	
1277804359784	-0.584098	 	2	0	
1277804359785	 	-0.8	 	 	
1277804359795	-0.584311	 	 	 	
1277804359796	 	-0.8	 	 	
1277804359845	-0.584007	 	 	 	
1277804359846	 	-0.8	 	 	
1277804359895	-0.584181	 	 	 	
1277804359896	 	-0.8	 	 	
1277804359945	-0.584311	 	 	 	
1277804359946	 	-0.8	 	 	
1277804359984	 	 	2	0	
1277804359985	-0.584571	-0.8	 	 	
1277804359995	-0.584569	 	 	 	
1277804359996	 	-0.8	 	 	
1277804360045	-0.584682	 	 	 	
1277804360046	 	-0.8	 	 	
1277804360095	-0.584897	 	 	 	
1277804360096	 	-0.8	 	 	
1277804360145	-0.584971	 	 	 	
1277804360146	 	-0.8	 	 	
1277804360184	 	 	2	0	
1277804360185	-0.584987	-0.8	 	 	
1277804360195	-0.585361	 	 	 	
1277804360196	 	-0.8	 	 	
1277804360245	-0.585881	 	 	 	
1277804360246	 	-0.8	 	 	
1277804360295	-0.585728	 	 	 	
1277804360296	 	-0.8	 	 	
1277804360345	-0.584752	 	 	 	
1277804360346	 	-0.8	 	 	
1277804360384	 	 	2	0	
1277804360385	-0.583361	-0.8	 	 	
1277804360396	-0.583221	-0.8	 	 	
1277804360446	-0.581953	-0.8	 	 	
1277804360496	-0.581113	-0.8	 	 	
1277804360546	-0.580644	-0.8	 	 	
1277804360585	-0.580517	 	2	0	
1277804360586	 	-0.8	 	 	
1277804360596	-0.5804	-0.8	 	 	
1277804360646	-0.580404	-0.8	 	 	
1277804360696	-0.580277	-0.8	 	 	
1277804360746	-0.580404	 	 	 	
1277804360785	-0.580598	-0.8	2	0	
1277804360796	-0.580592	-0.8	 	 	
1277804360846	-0.58127	-0.8	 	 	
1277804360896	-0.581946	-0.8	 	 	
1277804360946	-0.583152	-0.8	 	 	
1277804360985	-0.583865	-0.8	2	0	
1277804360996	-0.58402	-0.8	 	 	
1277804361046	-0.585089	-0.8	 	 	
1277804361096	-0.586454	-0.8	 	 	
1277804361146	-0.587605	-0.8	 	 	
1277804361185	-0.588495	-0.8	2	0	
1277804361196	-0.588715	-0.8	 	 	
1277804361246	-0.58984	-0.8	 	 	
1277804361296	-0.591141	 	 	 	
1277804361297	 	-0.8	 	 	
1277804361346	-0.593331	 	 	 	
1277804361347	 	-0.8	 	 	
1277804361385	-0.594635	-0.8	2	0	
1277804361396	-0.594961	 	 	 	
1277804361397	 	-0.8	 	 	
1277804361446	-0.596949	 	 	 	
1277804361447	 	-0.8	 	 	
1277804361496	-0.599269	 	 	 	
1277804361497	 	-0.8	 	 	
1277804361546	-0.601204	 	 	 	
1277804361547	 	-0.8	 	 	
1277804361586	-0.602542	 	2	0	
1277804361587	 	-0.8	 	 	
1277804361596	-0.602882	 	 	 	
1277804361597	 	-0.8	 	 	
1277804361646	-0.604942	 	 	 	
1277804361647	 	-0.8	 	 	
1277804361696	-0.60791	 	 	 	
1277804361697	 	-0.8	 	 	
1277804361746	-0.609067	 	 	 	
1277804361747	 	-0.8	 	 	
1277804361786	-0.609319	-0.8	2	0	
1277804361797	-0.609598	-0.8	 	 	
1277804361847	-0.611335	-0.8	 	 	
1277804361897	-0.612888	-0.8	 	 	
1277804361947	-0.614096	-0.8	 	 	
1277804361986	-0.614711	-0.8	2	0	
1277804361997	-0.61445	-0.8	 	 	
1277804362047	-0.615105	-0.8	 	 	
1277804362097	-0.615818	-0.8	 	 	
1277804362147	-0.616384	-0.8	 	 	
1277804362186	-0.616746	-0.8	2	0	
1277804362197	-0.616879	-0.8	 	 	
1277804362247	-0.616892	-0.8	 	 	
1277804362297	-0.616563	-0.8	 	 	
1277804362347	-0.617592	-0.8	 	 	
1277804362386	-0.618672	 	2	0	
1277804362387	 	-0.8	 	 	
1277804362397	-0.619294	-0.8	 	 	
1277804362447	-0.620456	-0.8	 	 	
1277804362497	-0.621533	-0.8	 	 	
1277804362547	-0.622305	-0.8	 	 	
1277804362587	-0.622617	-0.8	2	0	
1277804362597	-0.622774	-0.8	 	 	
1277804362647	-0.622942	-0.8	 	 	
1277804362697	-0.623294	-0.8	 	 	
1277804362747	-0.623528	 	 	 	
1277804362748	 	-0.8	 	 	
1277804362787	-0.623704	 	2	0	
1277804362788	 	-0.8	 	 	
1277804362797	-0.623562	 	 	 	
1277804362798	 	-0.8	 	 	
1277804362847	-0.623679	 	 	 	
1277804362848	 	-0.8	 	 	
1277804362897	-0.623519	 	 	 	
1277804362898	 	-0.8	 	 	
1277804362947	-0.623429	 	 	 	
1277804362948	 	-0.8	 	 	
1277804362987	-0.623361	-0.8	2	0	
1277804362997	-0.623359	 	 	 	
1277804362998	 	-0.8	 	 	
1277804363047	-0.623538	 	 	 	
1277804363048	 	-0.8	 	 	
1277804363097	-0.623849	 	 	 	
1277804363098	 	-0.8	 	 	
1277804363148	-0.624089	-0.8	 	 	
1277804363187	-0.624859	-0.8	2	0	
1277804363198	-0.624945	-0.8	 	 	
1277804363248	-0.625616	-0.8	 	 	
1277804363298	-0.626746	-0.8	 	 	
1277804363348	-0.627701	-0.8	 	 	
1277804363388	-0.628256	-0.8	2	0	
1277804363398	-0.628414	-0.8	 	 	
1277804363448	 	-0.8	 	 	
1277804363498	-0.628816	 	 	 	
1277804363499	 	-0.8	 	 	
1277804363549	-0.628558	-0.8	 	 	
1277804363587	 	 	2	0	
1277804363588	-0.628582	-0.8	 	 	
1277804363598	-0.628607	 	 	 	
1277804363599	 	-0.8	 	 	
1277804363648	-0.628678	 	 	 	
1277804363649	 	-0.8	 	 	
1277804363699	-0.62962	-0.8	 	 	
1277804363749	-0.631769	-0.8	 	 	
1277804363787	-0.631691	-0.8	2	0	
1277804363799	-0.631914	 	 	 	
1277804363800	 	-0.8	 	 	
1277804363850	-0.631514	-0.8	 	 	
1277804363900	-0.631224	-0.8	 	 	
1277804363950	-0.63155	 	 	 	
1277804363951	 	-0.8	 	 	
1277804363987	-0.632059	-0.8	2	0	
1277804364001	-0.63216	-0.8	 	 	
1277804364051	-0.633495	-0.8	 	 	
1277804364101	-0.635302	 	 	 	
1277804364102	 	-0.8	 	 	
1277804364152	-0.636624	-0.8	 	 	
1277804364188	-0.63735	-0.8	2	0	
1277804364202	-0.63773	 	 	 	
1277804364203	 	-0.8	 	 	
1277804364253	-0.639153	-0.8	 	 	
1277804364303	-0.640713	-0.8	 	 	
1277804364353	-0.642155	 	 	 	
1277804364354	 	-0.8	 	 	
1277804364388	-0.643017	-0.8	2	0	
1277804364403	-0.643436	 	 	 	
1277804364404	 	-0.8	 	 	
1277804364453	-0.644647	 	 	 	
1277804364454	 	-0.8	 	 	
1277804364503	-0.646411	 	 	 	
1277804364504	 	-0.8	 	 	
1277804364553	-0.648303	 	 	 	
1277804364589	-0.648597	-0.8	2	0	
1277804364603	-0.648786	 	 	 	
1277804364604	 	-0.8	 	 	
1277804364653	-0.648394	 	 	 	
1277804364654	 	-0.8	 	 	
1277804364703	-0.648303	 	 	 	
1277804364704	 	-0.8	 	 	
1277804364753	-0.648146	 	 	 	
1277804364754	 	-0.8	 	 	
1277804364789	-0.647932	-0.8	2	0	
1277804364803	-0.647951	 	 	 	
1277804364804	 	-0.8	 	 	
1277804364853	-0.648029	 	 	 	
1277804364854	 	-0.8	 	 	
1277804364904	-0.647984	-0.8	 	 	
1277804364954	-0.648288	-0.8	 	 	
1277804364989	-0.648729	-0.8	2	0	
1277804365004	-0.649087	-0.8	 	 	
1277804365054	-0.649772	-0.8	 	 	
1277804365104	-0.651383	-0.8	 	 	
1277804365154	-0.652942	-0.8	 	 	
1277804365189	-0.65401	-0.8	2	0	
1277804365204	-0.654388	-0.8	 	 	
1277804365254	-0.656269	-0.8	 	 	
1277804365304	-0.657935	-0.8	 	 	
1277804365354	-0.659683	 	 	 	
1277804365355	 	-0.8	 	 	
1277804365390	-0.660656	-0.8	2	0	
1277804365404	-0.661055	-0.8	 	 	
1277804365454	-0.662433	 	 	 	
1277804365455	 	-0.8	 	 	
1277804365505	-0.6634	-0.8	 	 	
1277804365555	-0.66461	 	 	 	
1277804365556	 	-0.8	 	 	
1277804365589	 	 	2	0	
1277804365590	-0.664952	-0.8	 	 	
1277804365605	-0.665283	 	 	 	
1277804365606	 	-0.8	 	 	
1277804365655	-0.666069	 	 	 	
1277804365656	 	-0.8	 	 	
1277804365705	-0.66657	 	 	 	
1277804365706	 	-0.8	 	 	
1277804365755	-0.666881	 	 	 	
1277804365756	 	-0.8	 	 	
1277804365789	-0.667116	 	2	0	
1277804365790	 	-0.8	 	 	
1277804365805	-0.667281	 	 	 	
1277804365806	 	-0.8	 	 	
1277804365855	-0.667816	 	 	 	
1277804365856	 	-0.8	 	 	
1277804365905	-0.668103	 	 	 	
1277804365906	 	-0.8	 	 	
1277804365955	-0.668154	 	 	 	
1277804365956	 	-0.8	 	 	
1277804365989	-0.668035	 	2	0	
1277804365990	 	-0.8	 	 	
1277804366007	-0.668103	-0.8	 	 	
1277804366057	-0.668272	-0.8	 	 	
1277804366107	-0.668477	-0.8	 	 	
1277804366157	-0.668621	 	 	 	
1277804366158	 	-0.8	 	 	
1277804366189	-0.668891	 	2	0	
1277804366190	 	-0.8	 	 	
1277804366208	-0.668992	-0.8	 	 	
1277804366258	-0.669314	 	 	 	
1277804366259	 	-0.8	 	 	
1277804366308	-0.670439	 	 	 	
1277804366309	 	-0.8	 	 	
1277804366359	-0.671072	-0.8	 	 	
1277804366389	 	 	2	0	
1277804366390	-0.671596	-0.8	 	 	
1277804366409	-0.672312	-0.8	 	 	
1277804366459	-0.673278	 	 	 	
1277804366460	 	-0.8	 	 	
1277804366510	-0.674549	-0.8	 	 	
1277804366560	-0.676578	 	 	 	
1277804366561	 	-0.8	 	 	
1277804366590	-0.677393	 	2	0	
1277804366591	 	-0.8	 	 	
1277804366610	-0.677958	 	 	 	
1277804366611	 	-0.8	 	 	
1277804366660	-0.67994	 	 	 	
1277804366661	 	-0.8	 	 	
1277804366710	-0.681478	 	 	 	
1277804366711	 	-0.8	 	 	
1277804366760	-0.682537	 	 	 	
1277804366761	 	-0.8	 	 	
1277804366790	-0.682813	-0.8	2	0	
1277804366810	-0.683078	 	 	 	
1277804366811	 	-0.8	 	 	
1277804366860	-0.684054	 	 	 	
1277804366861	 	-0.8	 	 	
1277804366910	-0.684815	 	 	 	
1277804366911	 	-0.8	 	 	
1277804366960	-0.685661	 	 	 	
1277804366961	 	-0.8	 	 	
1277804366990	-0.686265	-0.8	2	0	
1277804367010	-0.686657	 	 	 	
1277804367011	 	-0.8	 	 	
1277804367060	-0.687855	 	 	 	
1277804367061	 	-0.8	 	 	
1277804367110	-0.688929	 	 	 	
1277804367111	 	-0.8	 	 	
1277804367161	-0.690154	-0.8	 	 	
1277804367190	-0.690738	-0.8	2	0	
1277804367211	-0.691451	-0.8	 	 	
1277804367261	-0.693312	-0.8	 	 	
1277804367311	-0.69589	-0.8	 	 	
1277804367361	-0.69619	 	 	 	
1277804367390	-0.695702	-0.8	2	0	
1277804367411	-0.696024	-0.8	 	 	
1277804367461	-0.695635	-0.8	 	 	
1277804367511	-0.695996	-0.8	 	 	
1277804367561	-0.696466	-0.8	 	 	
1277804367590	 	 	2	0	
1277804367591	-0.696549	-0.8	 	 	
1277804367611	-0.696581	-0.8	 	 	
1277804367661	-0.696749	-0.8	 	 	
1277804367711	-0.696879	-0.8	 	 	
1277804367761	-0.697335	-0.8	 	 	
1277804367790	-0.697714	-0.8	2	0	
1277804367811	-0.697873	-0.8	 	 	
1277804367861	-0.698812	-0.8	 	 	
1277804367911	-0.699428	-0.8	 	 	
1277804367961	-0.700228	-0.8	 	 	
1277804367991	-0.700634	-0.8	3	0	
1277804368011	-0.701073	-0.8	 	 	
1277804368061	-0.701849	 	 	 	
1277804368062	 	-0.8	 	 	
1277804368111	-0.70262	 	 	 	
1277804368112	 	-0.8	 	 	
1277804368161	-0.70334	 	 	 	
1277804368162	 	-0.8	 	 	
1277804368190	-0.703674	 	3	0	
1277804368191	 	-0.8	 	 	
1277804368211	-0.703966	 	 	 	
1277804368212	 	-0.8	 	 	
1277804368261	-0.704641	 	 	 	
1277804368262	 	-0.8	 	 	
1277804368311	-0.70533	 	 	 	
1277804368312	 	-0.8	 	 	
1277804368361	-0.705726	 	 	 	
1277804368362	 	-0.8	 	 	
1277804368391	-0.70625	-0.8	3	0	
1277804368411	-0.706514	 	 	 	
1277804368412	 	-0.8	 	 	
1277804368461	-0.706693	 	 	 	
1277804368462	 	-0.8	 	 	
1277804368511	-0.707476	 	 	 	
1277804368512	 	-0.8	 	 	
1277804368561	-0.708098	 	 	 	
1277804368562	 	-0.8	 	 	
1277804368591	-0.708789	 	3	0	
1277804368592	 	-0.8	 	 	
1277804368611	-0.709276	 	 	 	
1277804368612	 	-0.8	 	 	
1277804368662	-0.709548	-0.8	 	 	
1277804368712	-0.710103	-0.8	 	 	
1277804368762	-0.710551	-0.8	 	 	
1277804368791	-0.711006	-0.8	3	0	
1277804368812	-0.711244	-0.8	 	 	
1277804368862	-0.711754	-0.8	 	 	
1277804368912	-0.711449	-0.8	 	 	
1277804368962	-0.711459	-0.8	 	 	
1277804368991	-0.711528	-0.8	3	0	
1277804369012	-0.711624	-0.8	 	 	
1277804369062	-0.712071	-0.8	 	 	
1277804369112	-0.712675	-0.8	 	 	
1277804369162	-0.713871	-0.8	 	 	
1277804369191	-0.714505	-0.8	3	0	
1277804369212	-0.714809	-0.8	 	 	
1277804369262	-0.71615	-0.8	 	 	
1277804369312	-0.717372	-0.8	 	 	
1277804369362	-0.71877	 	 	 	
1277804369363	 	-0.8	 	 	
1277804369391	-0.719574	-0.8	3	0	
1277804369412	-0.720206	 	 	 	
1277804369413	 	-0.8	 	 	
1277804369462	-0.721724	 	 	 	
1277804369463	 	-0.8	 	 	
1277804369512	-0.722948	 	 	 	
1277804369513	 	-0.8	 	 	
1277804369562	-0.723997	 	 	 	
1277804369563	 	-0.8	 	 	
1277804369592	 	 	3	0	
1277804369593	-0.724677	-0.8	 	 	
1277804369612	-0.725154	 	 	 	
1277804369613	 	-0.8	 	 	
1277804369662	-0.725905	 	 	 	
1277804369663	 	-0.8	 	 	
1277804369712	-0.726708	 	 	 	
1277804369713	 	-0.8	 	 	
1277804369762	-0.727691	 	 	 	
1277804369763	 	-0.8	 	 	
1277804369792	-0.727582	-0.8	3	0	
1277804369812	-0.727715	 	 	 	
1277804369813	 	-0.8	 	 	
1277804369862	-0.728252	 	 	 	
1277804369863	 	-0.8	 	 	
1277804369912	-0.728635	 	 	 	
1277804369913	 	-0.8	 	 	
1277804369963	-0.72898	-0.8	 	 	
1277804369992	 	 	3	0	
1277804369993	-0.72946	-0.8	 	 	
1277804370013	-0.729677	-0.8	 	 	
1277804370063	-0.730075	-0.8	 	 	
1277804370113	-0.730389	-0.8	 	 	
1277804370163	-0.730736	-0.8	 	 	
1277804370192	-0.73055	 	3	0	
1277804370193	 	-0.8	 	 	
1277804370213	-0.73032	-0.8	 	 	
1277804370263	-0.730251	-0.8	 	 	
1277804370313	-0.72965	-0.8	 	 	
1277804370363	-0.729257	-0.8	 	 	
1277804370392	-0.728905	 	3	0	
1277804370393	 	-0.8	 	 	
1277804370413	-0.72877	-0.8	 	 	
1277804370463	-0.728027	-0.8	 	 	
1277804370513	-0.727534	-0.8	 	 	
1277804370563	-0.726965	 	 	 	
1277804370564	 	-0.8	 	 	
1277804370593	-0.726714	-0.8	3	0	
1277804370613	-0.726569	 	 	 	
1277804370614	 	-0.8	 	 	
1277804370663	-0.726198	 	 	 	
1277804370664	 	-0.8	 	 	
1277804370713	-0.726401	 	 	 	
1277804370714	 	-0.8	 	 	
1277804370763	-0.726219	 	 	 	
1277804370764	 	-0.8	 	 	
1277804370793	-0.726397	 	3	0	
1277804370794	 	-0.8	 	 	
1277804370814	-0.726363	-0.8	 	 	
1277804370864	-0.727154	-0.8	 	 	
1277804370914	-0.727781	 	 	 	
1277804370964	-0.728968	-0.8	 	 	
1277804370993	-0.729303	 	3	0	
1277804370994	 	-0.8	 	 	
1277804371014	-0.729941	-0.8	 	 	
1277804371064	-0.730932	-0.8	 	 	
1277804371114	-0.732341	-0.8	 	 	
1277804371164	-0.733651	-0.8	 	 	
1277804371193	-0.734356	 	3	0	
1277804371194	 	-0.8	 	 	
1277804371214	-0.734813	-0.8	 	 	
1277804371264	-0.735426	-0.8	 	 	
1277804371314	-0.736198	-0.8	 	 	
1277804371364	-0.736419	-0.8	 	 	
1277804371393	-0.736741	 	3	0	
1277804371394	 	-0.8	 	 	
1277804371414	-0.736766	-0.8	 	 	
1277804371464	-0.737148	-0.8	 	 	
1277804371514	-0.736879	-0.8	 	 	
1277804371564	-0.736807	 	 	 	
1277804371565	 	-0.8	 	 	
1277804371594	-0.736851	-0.8	3	0	
1277804371614	-0.7368	 	 	 	
1277804371615	 	-0.8	 	 	
1277804371664	-0.736765	 	 	 	
1277804371665	 	-0.8	 	 	
1277804371714	-0.736585	 	 	 	
1277804371715	 	-0.8	 	 	
1277804371764	-0.736347	 	 	 	
1277804371765	 	-0.8	 	 	
1277804371793	 	 	3	0	
1277804371794	-0.73629	-0.8	 	 	
1277804371814	-0.736349	 	 	 	
1277804371815	 	-0.8	 	 	
1277804371864	-0.736605	 	 	 	
1277804371865	 	-0.8	 	 	
1277804371914	-0.736624	 	 	 	
1277804371915	 	-0.8	 	 	
1277804371964	-0.736556	 	 	 	
1277804371965	 	-0.8	 	 	
1277804371994	-0.736599	-0.8	3	0	
1277804372014	-0.736712	 	 	 	
1277804372015	 	-0.8	 	 	
1277804372064	-0.73688	 	 	 	
1277804372065	 	-0.8	 	 	
1277804372114	-0.736964	 	 	 	
1277804372115	 	-0.8	 	 	
1277804372165	-0.73727	-0.8	 	 	
1277804372194	-0.737472	-0.8	3	0	
1277804372215	-0.73756	-0.8	 	 	
1277804372265	-0.737917	-0.8	 	 	
1277804372315	-0.738012	-0.8	 	 	
1277804372365	-0.738465	-0.8	 	 	
1277804372394	-0.738709	-0.8	3	0	
1277804372415	-0.739025	-0.8	 	 	
1277804372465	-0.739568	-0.8	 	 	
1277804372515	-0.739811	-0.8	 	 	
1277804372565	-0.739326	-0.8	 	 	
1277804372594	 	 	3	0	
1277804372595	-0.739146	-0.8	 	 	
1277804372615	-0.739131	-0.8	 	 	
1277804372665	-0.739996	-0.8	 	 	
1277804372715	-0.740895	-0.8	 	 	
1277804372765	-0.741846	-0.8	 	 	
1277804372794	-0.74221	 	3	0	
1277804372795	 	-0.8	 	 	
1277804372815	-0.742399	-0.8	 	 	
1277804372865	-0.742788	-0.8	 	 	
1277804372915	-0.743138	-0.8	 	 	
1277804372965	-0.743372	 	 	 	
1277804372966	 	-0.8	 	 	
1277804372994	 	 	3	0	
1277804372995	-0.743129	-0.8	 	 	
1277804373015	-0.743213	 	 	 	
1277804373016	 	-0.8	 	 	
1277804373065	-0.742627	 	 	 	
1277804373066	 	-0.8	 	 	
1277804373115	-0.742293	 	 	 	
1277804373116	 	-0.8	 	 	
1277804373165	-0.741648	 	 	 	
1277804373166	 	-0.8	 	 	
1277804373194	 	 	3	0	
1277804373195	-0.741267	-0.8	 	 	
1277804373216	-0.741094	-0.8	 	 	
1277804373266	-0.740624	-0.8	 	 	
1277804373316	-0.740184	-0.8	 	 	
1277804373366	-0.73971	-0.8	 	 	
1277804373394	 	 	3	0	
1277804373395	-0.739491	-0.8	 	 	
1277804373416	-0.739314	-0.8	 	 	
1277804373466	-0.739184	-0.8	 	 	
1277804373516	-0.738929	-0.8	 	 	
1277804373566	-0.73956	-0.8	 	 	
1277804373596	-0.739579	-0.8	3	0	
1277804373616	-0.739911	-0.8	 	 	
1277804373666	-0.740568	-0.8	 	 	
1277804373716	-0.742077	 	 	 	
1277804373717	 	-0.8	 	 	
1277804373766	-0.742997	 	 	 	
1277804373767	 	-0.8	 	 	
1277804373795	-0.743284	 	3	0	
1277804373796	 	-0.8	 	 	
1277804373816	-0.743585	 	 	 	
1277804373817	 	-0.8	 	 	
1277804373866	-0.743602	 	 	 	
1277804373867	 	-0.8	 	 	
1277804373916	-0.744108	 	 	 	
1277804373917	 	-0.8	 	 	
1277804373966	-0.74444	 	 	 	
1277804373967	 	-0.8	 	 	
1277804373996	-0.744699	-0.8	3	0	
1277804374017	-0.744712	-0.8	 	 	
1277804374067	-0.745009	-0.7	 	 	
1277804374117	-0.745663	-0.7	 	 	
1277804374167	-0.746351	-0.7	 	 	
1277804374196	 	 	5	0	
1277804374197	-0.746386	-0.7	 	 	
1277804374217	-0.746066	-0.7	 	 	
1277804374267	-0.745443	-0.7	 	 	
1277804374317	-0.743963	-0.7	 	 	
1277804374367	-0.739204	-0.7	 	 	
1277804374397	-0.736191	-0.7	5	0	
1277804374417	-0.735067	-0.7	 	 	
1277804374467	-0.727987	-0.7	 	 	
1277804374517	-0.721421	-0.7	 	 	
1277804374567	-0.714232	 	 	 	
1277804374568	 	-0.7	 	 	
1277804374597	-0.710263	-0.7	5	0	
1277804374617	-0.705518	 	 	 	
1277804374618	 	-0.7	 	 	
1277804374667	-0.69733	 	 	 	
1277804374668	 	-0.7	 	 	
1277804374717	-0.688411	 	 	 	
1277804374718	 	-0.7	 	 	
1277804374768	-0.67906	-0.7	 	 	
1277804374797	-0.673732	-0.7	5	0	
1277804374818	-0.670299	-0.7	 	 	
1277804374868	-0.662744	-0.7	 	 	
1277804374918	-0.654816	-0.7	 	 	
1277804374968	-0.647051	-0.7	 	 	
1277804374997	-0.643634	-0.7	5	0	
1277804375018	-0.64097	-0.7	 	 	
1277804375068	-0.634266	-0.7	 	 	
1277804375118	-0.629463	-0.7	 	 	
1277804375168	-0.624737	-0.7	 	 	
1277804375198	 	 	5	0	
1277804375199	-0.623346	0	 	 	
1277804375218	-0.621387	0	 	 	
1277804375268	-0.619908	0	 	 	
1277804375318	-0.618458	0	 	 	
1277804375368	-0.614423	 	 	 	
1277804375369	 	0	 	 	
1277804375397	 	 	5	0	
1277804375398	-0.608613	0	 	 	
1277804375418	-0.599816	 	 	 	
1277804375419	 	0	 	 	
1277804375468	-0.58031	 	 	 	
1277804375469	 	0	 	 	
1277804375518	-0.543184	 	 	 	
1277804375519	 	0	 	 	
1277804375568	-0.51116	 	 	 	
1277804375569	 	0	 	 	
1277804375598	-0.472839	0	5	0	
1277804375619	-0.459089	0	 	 	
1277804375669	-0.399093	0	 	 	
1277804375719	-0.356803	0	 	 	
1277804375769	-0.290693	0	 	 	
1277804375798	-0.266609	0	5	0	
1277804375819	-0.247341	0	 	 	
1277804375869	-0.227138	0	 	 	
1277804375919	-0.211548	0	 	 	
1277804375969	-0.20306	0	 	 	
1277804375998	-0.188887	0	5	0	
1277804376019	-0.179439	0	 	 	
1277804376069	-0.155818	0	 	 	
1277804376119	-0.132197	0	 	 	
1277804376169	-0.108576	0	 	 	
1277804376198	 	 	5	0	
1277804376199	-0.096765	0	 	 	
1277804376219	-0.0873166	0	 	 	
1277804376269	-0.0636956	0	 	 	
1277804376319	-0.0400746	 	 	 	
1277804376320	 	0	 	 	
1277804376369	-0.0164536	 	 	 	
1277804376370	 	0	 	 	
1277804376398	 	 	5	0	
1277804376399	-0.00228103	0	 	 	
1277804376419	0.00716737	 	 	 	
1277804376420	 	0	 	 	
1277804376469	0.0298435	 	 	 	
1277804376470	 	0	 	 	
1277804376519	0.0319566	 	 	 	
1277804376520	 	0	 	 	
1277804376569	0.0319693	 	 	 	
1277804376570	 	0	 	 	
1277804376599	0.0319694	0	5	0	
1277804376619	0.0319694	 	 	 	
1277804376620	 	0	 	 	
1277804376669	0.0319694	 	 	 	
1277804376670	 	0	 	 	
1277804376719	0.0319694	 	 	 	
1277804376720	 	0	 	 	
1277804376769	0.0319694	 	 	 	
1277804376770	 	0	 	 	
1277804376799	 	 	5	0	
1277804376800	 	0	 	 	
1277804376819	0.0319694	 	 	 	
1277804376820	 	0	 	 	
1277804376869	0.0319694	 	 	 	
1277804376870	 	0	 	 	
1277804376920	0.0319694	0	 	 	
1277804376970	0.0319694	0	 	 	
1277804376999	0.0319694	0	5	0	
1277804377020	0.0319694	0	 	 	
1277804377070	0.0319694	0	 	 	
1277804377120	0.0319694	0	 	 	
1277804377170	0.0319694	0	 	 	
1277804377200	0.0319694	0	7	0.269905	
1277804377220	0.0319694	0	 	 	
1277804377270	-0.291817	0	 	 	
1277804377320	-0.290731	0	 	 	
1277804377370	-0.238967	 	 	 	
1277804377371	 	0	 	 	
1277804377400	-0.204665	0	8	0	
1277804377420	-0.192964	 	 	 	
1277804377421	 	0	 	 	
1277804377470	-0.175181	 	 	 	
1277804377471	 	0	 	 	
1277804377520	-0.150491	 	 	 	
1277804377521	 	0	 	 	
1277804377570	-0.125802	 	 	 	
1277804377571	 	0	 	 	
1277804377600	-0.110988	 	8	0	
1277804377601	 	0	 	 	
1277804377620	-0.101113	 	 	 	
1277804377621	 	0	 	 	
1277804377670	-0.0764232	 	 	 	
1277804377671	 	0	 	 	
1277804377720	-0.0517337	 	 	 	
1277804377721	 	0	 	 	
1277804377770	-0.0270443	 	 	 	
1277804377771	 	0	 	 	
1277804377800	-0.0146996	 	8	0	
1277804377801	 	0	 	 	
1277804377820	-0.00482382	 	 	 	
1277804377821	 	0	 	 	
1277804377870	0.0198656	 	 	 	
1277804377871	 	0	 	 	
1277804377920	0.044555	 	 	 	
1277804377921	 	0	 	 	
1277804377971	0.0692445	0	 	 	
1277804378000	 	 	8	0	
1277804378001	0.0774058	0	 	 	
1277804378021	0.0778236	0	 	 	
1277804378071	0.0778854	0	 	 	
1277804378121	0.0778858	0	 	 	
1277804378171	0.0778858	0	 	 	
1277804378200	 	 	8	0	
1277804378201	0.0778858	0	 	 	
1277804378221	0.0778858	0	 	 	
1277804378271	0.0778858	0	 	 	
1277804378321	0.0778858	0	 	 	
1277804378371	0.0778858	0	 	 	
1277804378401	0.0778858	0	8	0	
1277804378421	0.0778858	0	 	 	
1277804378471	0.0778858	0	 	 	
1277804378521	0.0778858	0	 	 	
1277804378571	0.0778858	0	 	 	
1277804378601	0.0778858	0	8	0	
1277804378621	0.0778858	0	 	 	
1277804378671	0.0778858	0	 	 	
1277804378721	0.0778858	0	 	 	
1277804378771	0.0778858	0	 	 	
1277804378801	0.0778858	 	8	0	
1277804378802	 	0	 	 	
1277804378821	0.0778858	 	 	 	
1277804378822	 	0	 	 	
1277804378871	0.0778858	 	 	 	
1277804378872	 	0	 	 	
1277804378921	0.0778858	 	 	 	
1277804378922	 	0	 	 	
1277804378971	0.0778858	 	 	 	
1277804378972	 	0	 	 	
1277804379001	0.0778858	 	8	0	
1277804379002	 	0	 	 	
1277804379021	0.0778858	 	 	 	
1277804379022	 	0	 	 	
1277804379071	0.0778858	 	 	 	
1277804379072	 	0	 	 	
1277804379121	0.0778858	 	 	 	
1277804379122	 	0	 	 	
1277804379171	0.0778858	 	 	 	
1277804379172	 	0	 	 	
1277804379202	0.0778858	0	8	0	
1277804379221	0.0778858	 	 	 	
1277804379222	 	0	 	 	
1277804379271	0.0778858	 	 	 	
1277804379272	 	0	 	 	
1277804379321	0.0778858	 	 	 	
1277804379322	 	0	 	 	
1277804379372	0.0778858	0	 	 	
1277804379401	0.0778858	 	8	0	
1277804379402	 	0	 	 	
1277804379422	0.0778858	0	 	 	
1277804379472	0.0778858	0	 	 	
1277804379522	0.0778858	0	 	 	
1277804379572	0.0778858	0	 	 	
1277804379602	0.0778858	0	8	0	
1277804379622	0.0778858	0	 	 	
1277804379672	0.0778858	0	 	 	
1277804379722	0.0778858	0	 	 	
1277804379772	0.0778858	 	 	 	
1277804379773	 	0	 	 	
1277804379801	 	 	8	0	
1277804379802	0.0778858	0	 	 	
1277804379822	0.0778858	0	 	 	
1277804379872	0.0778858	0	 	 	
1277804379922	0.0778858	0	 	 	
1277804379972	0.0778858	0	 	 	
1277804380001	 	 	8	0	
1277804380002	0.0778858	0	 	 	
1277804380022	0.0778858	 	 	 	
1277804380023	 	0	 	 	
1277804380072	0.0778858	 	 	 	
1277804380073	 	0	 	 	
1277804380122	0.0778858	 	 	 	
1277804380123	 	0	 	 	
1277804380172	0.0778858	 	 	 	
1277804380173	 	0	 	 	
1277804380202	0.0778858	 	8	0	
1277804380203	 	0	 	 	
1277804380222	0.0778858	 	 	 	
1277804380223	 	0	 	 	
1277804380272	0.0778858	 	 	 	
1277804380273	 	0	 	 	
1277804380322	0.0778858	 	 	 	
1277804380323	 	0	 	 	
1277804380372	0.0778858	 	 	 	
1277804380373	 	0	 	 	
1277804380402	 	 	8	0	
1277804380403	0.0778858	0	 	 	
1277804380422	0.0778858	 	 	 	
1277804380423	 	0	 	 	
1277804380472	0.0778858	 	 	 	
1277804380473	 	0	 	 	
1277804380522	0.0778858	 	 	 	
1277804380523	 	0	 	 	
1277804380572	0.0778858	 	 	 	
1277804380573	 	0	 	 	
1277804380602	0.0778858	0	8	0	
1277804380622	0.0778858	 	 	 	
1277804380623	 	0	 	 	
1277804380672	0.0778858	 	 	 	
1277804380673	 	0	 	 	
1277804380722	0.0778858	 	 	 	
1277804380723	 	0	 	 	
1277804380772	0.0778858	 	 	 	
1277804380773	 	0	 	 	
1277804380802	 	 	8	0	
1277804380803	0.0778858	0	 	 	
1277804380822	0.0778858	 	 	 	
1277804380823	 	0	 	 	
1277804380872	0.0778858	 	 	 	
1277804380873	 	0	 	 	
1277804380923	0.0778858	0	 	 	
1277804380973	0.0778858	0	 	 	
1277804381002	0.0778858	0	8	0	
1277804381023	0.0778858	0	 	 	
1277804381073	0.0778858	0	 	 	
1277804381123	0.0778858	0	 	 	
1277804381173	0.0778858	0	 	 	
1277804381203	0.0778858	0	8	0	
1277804381223	0.0778858	0	 	 	
1277804381273	0.0778858	0	 	 	
1277804381323	0.0778858	0	 	 	
1277804381373	0.0778858	0	 	 	
1277804381403	0.0778858	0	8	0	
1277804381423	0.0778858	0	 	 	
1277804381473	0.0778858	0	 	 	
1277804381523	0.0778858	0	 	 	
1277804381573	0.0778858	0	 	 	
1277804381603	0.0778858	0	 	 	
1277804381623	0.0778858	0	 	 	
1277804381673	0.0778858	0	 	 	
1277804381723	0.0778858	 	 	 	
1277804381724	 	0	 	 	
1277804381774	0.0778858	0	 	 	
1277804381803	0.0778858	 	8	0	
1277804381804	 	0	 	 	
1277804381824	0.0778858	0	 	 	
1277804381874	0.0778858	0	 	 	
1277804381924	0.0778858	0	 	 	
1277804381974	0.0778858	0	 	 	
1277804382003	0.0778858	0	8	0	
1277804382024	0.0778858	0	 	 	
1277804382074	0.0778858	0	 	 	
1277804382124	0.0778858	0	 	 	
1277804382174	0.0778858	0	 	 	
1277804382204	0.0778858	0	8	0	
1277804382224	0.0778858	0	 	 	
1277804382274	0.0778858	0	 	 	
1277804382324	0.0778858	0	 	 	
1277804382374	0.0778858	 	 	 	
1277804382375	 	0	 	 	
1277804382404	 	 	8	0	
1277804382405	0.0778858	0	 	 	
1277804382424	0.0778858	 	 	 	
1277804382425	 	0	 	 	
1277804382474	0.0778858	 	 	 	
1277804382475	 	0	 	 	
1277804382524	0.0778858	 	 	 	
1277804382525	 	0	 	 	
1277804382574	0.0778858	 	 	 	
1277804382575	 	0	 	 	
1277804382604	0.0778858	0	8	0	
1277804382624	0.0778858	 	 	 	
1277804382625	 	0	 	 	
1277804382674	0.0778858	 	 	 	
1277804382675	 	0	 	 	
1277804382724	0.0778858	 	 	 	
1277804382725	 	0	 	 	
1277804382774	0.0778858	 	 	 	
1277804382775	 	0	 	 	
1277804382804	0.0778858	0	8	0	
1277804382825	0.0778858	0	 	 	
1277804382875	0.0778858	0	 	 	
1277804382925	0.0778858	0	 	 	
1277804382975	0.0778858	0	 	 	
1277804383004	0.0778858	 	8	0	
1277804383005	 	0	 	 	
1277804383025	0.0778858	 	 	 	
1277804383075	0.0778858	0	 	 	
1277804383125	0.0778858	0	 	 	
1277804383175	0.0778858	0	 	 	
1277804383205	0.0778858	0	8	0	
1277804383225	0.0778858	 	 	 	
1277804383226	 	0	 	 	
1277804383275	0.0778858	0	 	 	
1277804383325	0.0778858	0	 	 	
1277804383375	0.0778858	0	 	 	
1277804383404	0.0778858	0	8	0	
1277804383425	0.0778858	0	 	 	
1277804383475	0.0778858	0	 	 	
1277804383525	0.0778858	0	 	 	
1277804383575	0.0778858	 	 	 	
1277804383576	 	0	 	 	
1277804383605	0.0778858	0	8	0	
1277804383625	0.0778858	 	 	 	
1277804383626	 	0	 	 	
1277804383675	0.0778858	 	 	 	
1277804383676	 	0	 	 	
1277804383725	0.0778858	 	 	 	
1277804383726	 	0	 	 	
1277804383775	0.0778858	 	 	 	
1277804383776	 	0	 	 	
1277804383804	0.0778858	 	8	0	
1277804383805	 	0	 	 	
1277804383825	0.0778858	 	 	 	
1277804383826	 	0	 	 	
