unix_timestamp	int_pos.x	int_pos.y	int_pos.z	pos.x	pos.y	pos.z	pos_sp.x	pos_sp.y	pos_sp.z	
1278347368332	 	 	 	1.64111	0.568606	-0.707413	 	 	 	
1278347368333	 	 	 	 	 	 	1.66	0.55	-0.7	
1278347368382	 	 	 	1.60725	0.584891	-0.706536	 	 	 	
1278347368383	 	 	 	 	 	 	1.66	0.55	-0.7	
1278347368411	3.03022	-4.62095	-0.46902	1.59238	0.5873	-0.707871	1.66	0.55	-0.7	
1278347368433	 	 	 	1.59788	0.590511	-0.705138	 	 	 	
1278347368434	 	 	 	 	 	 	1.66	0.55	-0.7	
1278347368484	 	 	 	1.60219	0.59519	-0.699957	1.66	0.55	-0.7	
1278347368534	 	 	 	1.59444	0.599821	-0.696274	1.66	0.55	-0.7	
1278347368685	 	 	 	1.53303	0.604393	-0.687772	1.66	0.55	-0.7	
1278347368735	 	 	 	1.5471	0.619357	-0.681598	 	 	 	
1278347368736	 	 	 	 	 	 	1.66	0.55	-0.7	
1278347368786	 	 	 	1.54857	0.629914	-0.677514	1.66	0.55	-0.7	
1278347368812	3.06516	-4.64322	-0.472544	1.55042	0.637374	-0.67582	1.66	0.55	-0.7	
1278347368836	 	 	 	1.54902	0.642045	-0.673999	1.66	0.55	-0.7	
1278347368886	 	 	 	1.55563	0.660175	-0.671507	 	 	 	
1278347368887	 	 	 	 	 	 	1.66	0.55	-0.7	
1278347368937	 	 	 	1.53441	0.716358	-0.671497	1.66	0.55	-0.7	
1278347368987	 	 	 	1.53327	0.716379	-0.67605	 	 	 	
1278347368988	 	 	 	 	 	 	1.66	0.55	-0.7	
1278347369011	 	 	 	1.53156	0.722947	-0.676143	1.66	0.55	-0.7	
1278347369012	3.08833	-4.66976	-0.477901	 	 	 	 	 	 	
1278347369037	 	 	 	1.53712	0.719119	-0.678443	 	 	 	
1278347369038	 	 	 	 	 	 	1.66	0.55	-0.7	
1278347369087	 	 	 	1.54588	0.715734	-0.683818	 	 	 	
1278347369088	 	 	 	 	 	 	1.66	0.55	-0.7	
1278347369137	 	 	 	1.55394	0.726113	-0.68843	 	 	 	
1278347369138	 	 	 	 	 	 	1.66	0.55	-0.7	
1278347369187	 	 	 	1.55985	0.73805	-0.691815	 	 	 	
1278347369188	 	 	 	 	 	 	1.66	0.55	-0.7	
1278347369211	 	 	 	1.55737	0.73853	-0.694484	1.66	0.55	-0.7	
1278347369212	3.11064	-4.70465	-0.48075	 	 	 	 	 	 	
1278347369237	 	 	 	1.55888	0.742384	-0.696348	 	 	 	
1278347369287	 	 	 	1.55694	0.757089	-0.696805	 	 	 	
1278347369288	 	 	 	 	 	 	1.66	0.55	-0.7	
1278347369337	 	 	 	1.57837	0.81075	-0.686526	 	 	 	
1278347369338	 	 	 	 	 	 	1.66	0.55	-0.7	
1278347369387	 	 	 	1.60441	0.848989	-0.684435	 	 	 	
1278347369388	 	 	 	 	 	 	1.66	0.55	-0.7	
1278347369412	 	 	 	1.61164	0.86271	-0.683581	 	 	 	
1278347369413	3.128	-4.75334	-0.482677	 	 	 	1.66	0.55	-0.7	
1278347369437	 	 	 	1.61602	0.854154	-0.684952	 	 	 	
1278347369438	 	 	 	 	 	 	1.66	0.55	-0.7	
1278347369488	 	 	 	1.62093	0.850096	-0.68486	1.66	0.55	-0.7	
1278347369538	 	 	 	1.6309	0.854631	-0.684847	 	 	 	
1278347369539	 	 	 	 	 	 	1.66	0.55	-0.7	
1278347369589	 	 	 	1.63914	0.861754	-0.684661	1.66	0.55	-0.7	
1278347369612	 	 	 	1.64424	0.864382	-0.685154	1.66	0.55	-0.7	
1278347369613	3.13455	-4.81429	-0.485655	 	 	 	 	 	 	
1278347369639	 	 	 	1.64963	0.871191	-0.685119	1.66	0.55	-0.7	
1278347369689	 	 	 	1.66084	0.882831	-0.684983	1.66	0.55	-0.7	
1278347369739	 	 	 	1.67363	0.890633	-0.686786	1.66	0.55	-0.7	
1278347369789	 	 	 	1.69013	0.897397	-0.688562	1.66	0.55	-0.7	
1278347369813	 	 	 	1.69975	0.897946	-0.69021	1.66	0.55	-0.7	
1278347369814	3.13268	-4.8812	-0.488333	 	 	 	 	 	 	
1278347369839	 	 	 	1.73966	0.895863	-0.696169	1.66	0.55	-0.7	
1278347369889	 	 	 	1.76577	0.900953	-0.699457	1.66	0.55	-0.7	
1278347369939	 	 	 	1.74882	0.911527	-0.694489	1.66	0.55	-0.7	
1278347369989	 	 	 	1.75881	0.915012	-0.695374	1.66	0.55	-0.7	
1278347370013	 	 	 	1.76638	0.924463	-0.694556	1.66	0.55	-0.7	
1278347370014	3.114	-4.95251	-0.489078	 	 	 	 	 	 	
1278347370039	 	 	 	1.7745	0.936597	-0.693148	1.66	0.55	-0.7	
1278347370089	 	 	 	1.78438	0.936208	-0.692202	1.66	0.55	-0.7	
1278347370139	 	 	 	1.79071	0.928978	-0.689402	1.66	0.55	-0.7	
1278347370189	 	 	 	1.79659	0.925464	-0.687427	1.66	0.55	-0.7	
1278347370213	 	 	 	1.79986	0.925285	-0.686793	1.66	0.55	-0.7	
1278347370214	3.08861	-5	-0.490933	 	 	 	 	 	 	
1278347370239	 	 	 	1.80194	0.923254	-0.685703	1.66	0.55	-0.7	
1278347370289	 	 	 	1.80829	0.9212	-0.684453	1.66	0.55	-0.7	
1278347370339	 	 	 	1.81236	0.91495	-0.685943	1.66	0.55	-0.7	
1278347370389	 	 	 	1.81127	0.902417	-0.689436	1.66	0.55	-0.7	
1278347370413	 	 	 	1.80664	0.887885	-0.698611	1.66	0.55	-0.7	
1278347370414	3.05902	-5	-0.493434	 	 	 	 	 	 	
1278347370439	 	 	 	1.81329	0.896634	-0.700522	1.66	0.55	-0.7	
1278347370489	 	 	 	1.80631	0.887528	-0.700246	1.66	0.55	-0.7	
1278347370539	 	 	 	1.79848	0.874256	-0.698908	1.66	0.55	-0.7	
1278347370589	 	 	 	1.79435	0.862404	-0.698696	 	 	 	
1278347370590	 	 	 	 	 	 	1.66	0.55	-0.7	
1278347370614	3.03061	-5	-0.493508	1.79286	0.855231	-0.698384	1.66	0.55	-0.7	
1278347370639	 	 	 	1.79118	0.849741	-0.698547	 	 	 	
1278347370640	 	 	 	 	 	 	1.66	0.55	-0.7	
1278347370690	 	 	 	1.78518	0.822721	-0.705206	1.66	0.55	-0.7	
1278347370740	 	 	 	1.76755	0.814175	-0.705383	1.66	0.55	-0.7	
1278347370790	 	 	 	1.78275	0.8083	-0.699792	 	 	 	
1278347370791	 	 	 	 	 	 	1.66	0.55	-0.7	
1278347370814	3.00623	-5	-0.493129	1.78251	0.803842	-0.699469	1.66	0.55	-0.7	
1278347370841	 	 	 	1.78292	0.795974	-0.697961	 	 	 	
1278347370842	 	 	 	 	 	 	1.66	0.55	-0.7	
1278347370892	 	 	 	1.78317	0.787328	-0.695074	1.66	0.55	-0.7	
1278347370942	 	 	 	1.77229	0.769552	-0.693088	1.66	0.55	-0.7	
1278347371014	 	 	 	1.75572	0.747577	-0.691281	1.66	0.55	-0.7	
1278347371015	2.98324	-5	-0.494281	 	 	 	 	 	 	
1278347371043	 	 	 	1.75092	0.73893	-0.690337	1.66	0.55	-0.7	
1278347371094	 	 	 	1.73879	0.729391	-0.690682	1.66	0.55	-0.7	
1278347371144	 	 	 	1.72922	0.718803	-0.691297	1.66	0.55	-0.7	
1278347371194	 	 	 	1.72253	0.713313	-0.692878	 	 	 	
1278347371195	 	 	 	 	 	 	1.66	0.55	-0.7	
1278347371215	2.96828	-5	-0.496025	1.71909	0.709452	-0.693021	1.66	0.55	-0.7	
1278347371244	 	 	 	1.71485	0.706426	-0.6945	 	 	 	
1278347371245	 	 	 	 	 	 	1.66	0.55	-0.7	
1278347371295	 	 	 	1.7074	0.700766	-0.696233	 	 	 	
1278347371296	 	 	 	 	 	 	1.66	0.55	-0.7	
1278347371345	 	 	 	1.69836	0.699029	-0.698635	 	 	 	
1278347371346	 	 	 	 	 	 	1.66	0.55	-0.7	
1278347371396	 	 	 	1.69093	0.696865	-0.700124	1.66	0.55	-0.7	
1278347371416	 	 	 	1.68303	0.696836	-0.701162	1.66	0.55	-0.7	
1278347371417	2.95995	-5	-0.496493	 	 	 	 	 	 	
1278347371446	 	 	 	1.67267	0.695748	-0.702488	1.66	0.55	-0.7	
1278347371497	 	 	 	1.67409	0.694203	-0.703666	1.66	0.55	-0.7	
1278347371547	 	 	 	1.68139	0.696174	-0.704073	1.66	0.55	-0.7	
1278347371598	 	 	 	1.68292	0.700191	-0.703734	1.66	0.55	-0.7	
1278347371616	 	 	 	1.68269	0.700374	-0.703931	1.66	0.55	-0.7	
1278347371617	2.95672	-5	-0.495883	 	 	 	 	 	 	
1278347371649	 	 	 	1.68145	0.702858	-0.703531	1.66	0.55	-0.7	
1278347371700	 	 	 	1.67879	0.707382	-0.702006	1.66	0.55	-0.7	
1278347371750	 	 	 	1.67704	0.712365	-0.700793	1.66	0.55	-0.7	
1278347371801	 	 	 	1.67537	0.718059	-0.699298	1.66	0.55	-0.7	
1278347371816	 	 	 	1.67514	0.720132	-0.698822	1.66	0.55	-0.7	
1278347371817	2.95296	-5	-0.495531	 	 	 	 	 	 	
1278347371850	 	 	 	1.67535	0.724526	-0.697888	 	 	 	
1278347371851	 	 	 	 	 	 	1.66	0.55	-0.7	
1278347371901	 	 	 	1.67734	0.731514	-0.696805	1.66	0.55	-0.7	
1278347371951	 	 	 	1.68202	0.740859	-0.695986	1.66	0.55	-0.7	
1278347372002	 	 	 	1.68478	0.748061	-0.695288	1.66	0.55	-0.7	
1278347372017	 	 	 	1.68543	0.750194	-0.695024	 	 	 	
1278347372018	2.94919	-5	-0.496178	 	 	 	1.66	0.55	-0.7	
1278347372052	 	 	 	1.69042	0.754944	-0.694742	1.66	0.55	-0.7	
1278347372102	 	 	 	1.69884	0.761883	-0.694056	 	 	 	
1278347372103	 	 	 	 	 	 	1.66	0.55	-0.7	
1278347372152	 	 	 	1.70594	0.768811	-0.69356	 	 	 	
1278347372153	 	 	 	 	 	 	1.66	0.55	-0.7	
1278347372203	 	 	 	1.73547	0.802191	-0.688037	1.66	0.55	-0.7	
1278347372217	2.94062	-5	-0.497492	1.7385	0.805651	-0.687506	1.66	0.55	-0.7	
1278347372253	 	 	 	1.73953	0.802001	-0.689603	 	 	 	
1278347372303	 	 	 	1.76987	0.818595	-0.688189	1.66	0.55	-0.7	
1278347372353	 	 	 	1.7882	0.825882	-0.6923	 	 	 	
1278347372354	 	 	 	 	 	 	1.66	0.55	-0.7	
1278347372403	 	 	 	1.7844	0.822845	-0.695304	 	 	 	
1278347372404	 	 	 	 	 	 	1.66	0.55	-0.7	
1278347372417	2.91793	-5	-0.499439	1.78685	0.824195	-0.695811	1.66	0.55	-0.7	
1278347372453	 	 	 	1.78106	0.817087	-0.698499	 	 	 	
1278347372454	 	 	 	 	 	 	1.66	0.55	-0.7	
1278347372503	 	 	 	1.7813	0.813172	-0.701357	 	 	 	
1278347372504	 	 	 	 	 	 	1.66	0.55	-0.7	
1278347372553	 	 	 	1.7886	0.812599	-0.703649	 	 	 	
1278347372554	 	 	 	 	 	 	1.66	0.55	-0.7	
1278347372603	 	 	 	1.80197	0.812095	-0.704934	 	 	 	
1278347372604	 	 	 	 	 	 	1.66	0.55	-0.7	
1278347372617	 	 	 	1.80433	0.81191	-0.705527	 	 	 	
1278347372618	2.89265	-5	-0.499097	 	 	 	1.66	0.55	-0.7	
1278347372653	 	 	 	1.81296	0.814687	-0.705323	 	 	 	
1278347372654	 	 	 	 	 	 	1.66	0.55	-0.7	
1278347372703	 	 	 	1.82547	0.816243	-0.704847	 	 	 	
1278347372854	 	 	 	1.9009	0.747168	-0.720931	1.66	0.55	-0.7	
1278347372904	 	 	 	1.88393	0.790078	-0.70083	1.66	0.55	-0.7	
1278347372954	 	 	 	1.88834	0.799069	-0.69145	1.66	0.55	-0.7	
1278347373004	 	 	 	1.89684	0.798818	-0.682734	1.66	0.55	-0.7	
1278347373018	 	 	 	1.89902	0.800052	-0.680576	1.66	0.55	-0.7	
1278347373019	2.81029	-5	-0.496821	 	 	 	 	 	 	
1278347373054	 	 	 	1.9075	0.798067	-0.676631	1.66	0.55	-0.7	
1278347373104	 	 	 	1.91599	0.800408	-0.669836	1.66	0.55	-0.7	
1278347373154	 	 	 	1.93159	0.791572	-0.670022	1.66	0.55	-0.7	
1278347373204	 	 	 	1.94556	0.788427	-0.6706	1.66	0.55	-0.7	
1278347373218	 	 	 	1.94916	0.787827	-0.669839	1.66	0.55	-0.7	
1278347373219	2.75784	-5	-0.502473	 	 	 	 	 	 	
1278347373254	 	 	 	1.95816	0.78044	-0.684335	 	 	 	
1278347373255	 	 	 	 	 	 	1.66	0.55	-0.7	
1278347373304	 	 	 	1.96556	0.784715	-0.688943	 	 	 	
1278347373305	 	 	 	 	 	 	1.66	0.55	-0.7	
1278347373354	 	 	 	1.97737	0.790677	-0.69785	 	 	 	
1278347373355	 	 	 	 	 	 	1.66	0.55	-0.7	
1278347373405	 	 	 	1.98822	0.793692	-0.707523	1.66	0.55	-0.7	
1278347373418	 	 	 	1.99021	0.794005	-0.708877	1.66	0.55	-0.7	
1278347373419	2.69541	-5	-0.503886	 	 	 	 	 	 	
1278347373455	 	 	 	1.98887	0.789673	-0.709696	1.66	0.55	-0.7	
1278347373505	 	 	 	1.99477	0.788824	-0.712872	1.66	0.55	-0.7	
1278347373555	 	 	 	1.99446	0.7801	-0.712824	1.66	0.55	-0.7	
1278347373605	 	 	 	1.9977	0.776045	-0.712662	1.66	0.55	-0.7	
1278347373618	 	 	 	1.9969	0.774615	-0.710906	1.66	0.55	-0.7	
1278347373619	2.62878	-5	-0.501586	 	 	 	 	 	 	
1278347373655	 	 	 	1.99908	0.772044	-0.711565	1.66	0.55	-0.7	
1278347373705	 	 	 	2.00275	0.772279	-0.706265	1.66	0.55	-0.7	
1278347373755	 	 	 	2.00569	0.77369	-0.700211	1.66	0.55	-0.7	
1278347373805	 	 	 	2.00665	0.773665	-0.696292	1.66	0.55	-0.7	
1278347373819	 	 	 	2.00732	0.773475	-0.695306	1.66	0.55	-0.7	
1278347373820	2.56009	-5	-0.500721	 	 	 	 	 	 	
1278347373855	 	 	 	2.00716	0.7725	-0.693065	1.66	0.55	-0.7	
1278347373905	 	 	 	2.00652	0.773238	-0.690512	1.66	0.55	-0.7	
1278347373955	 	 	 	2.00555	0.77371	-0.688461	 	 	 	
1278347374106	 	 	 	 	 	 	1.66	0.55	-0.7	
1278347374156	 	 	 	1.99279	0.778142	-0.692574	 	 	 	
1278347374157	 	 	 	 	 	 	1.66	0.55	-0.7	
1278347374206	 	 	 	1.98691	0.779486	-0.697819	 	 	 	
1278347374207	 	 	 	 	 	 	1.66	0.55	-0.7	
1278347374219	 	 	 	1.98573	0.779747	-0.698509	1.66	0.55	-0.7	
1278347374220	2.42394	-5	-0.504279	 	 	 	 	 	 	
1278347374256	 	 	 	1.98438	0.782098	-0.701895	 	 	 	
1278347374257	 	 	 	 	 	 	1.66	0.55	-0.7	
1278347374306	 	 	 	1.97859	0.787778	-0.704474	 	 	 	
1278347374307	 	 	 	 	 	 	1.66	0.55	-0.7	
1278347374356	 	 	 	1.97186	0.791144	-0.706947	 	 	 	
1278347374357	 	 	 	 	 	 	1.66	0.55	-0.7	
1278347374406	 	 	 	1.96539	0.797148	-0.708158	 	 	 	
1278347374407	 	 	 	 	 	 	1.66	0.55	-0.7	
1278347374419	 	 	 	1.96351	0.796642	-0.709265	1.66	0.55	-0.7	
1278347374420	2.36079	-5	-0.503226	 	 	 	 	 	 	
1278347374457	 	 	 	1.96115	0.800887	-0.710661	 	 	 	
1278347374458	 	 	 	 	 	 	1.66	0.55	-0.7	
1278347374507	 	 	 	1.95855	0.810448	-0.708832	 	 	 	
1278347374508	 	 	 	 	 	 	1.66	0.55	-0.7	
1278347374558	 	 	 	1.95745	0.862411	-0.701536	1.66	0.55	-0.7	
1278347374608	 	 	 	1.94509	0.86362	-0.702548	1.66	0.55	-0.7	
1278347374619	 	 	 	1.94377	0.866663	-0.702307	1.66	0.55	-0.7	
1278347374620	2.30149	-5	-0.501943	 	 	 	 	 	 	
1278347374659	 	 	 	1.93166	0.858442	-0.705042	1.66	0.55	-0.7	
1278347374709	 	 	 	1.91522	0.848518	-0.706558	1.66	0.55	-0.7	
1278347374759	 	 	 	1.88901	0.861257	-0.702841	 	 	 	
1278347374760	 	 	 	 	 	 	1.66	0.55	-0.7	
1278347374809	 	 	 	1.85888	0.881486	-0.695496	 	 	 	
1278347374810	 	 	 	 	 	 	1.66	0.55	-0.7	
1278347374820	2.25409	-5	-0.501691	1.85498	0.883314	-0.695028	1.66	0.55	-0.7	
1278347374860	 	 	 	1.85562	0.873808	-0.701094	1.66	0.55	-0.7	
1278347374910	 	 	 	1.85423	0.863629	-0.707542	1.66	0.55	-0.7	
1278347374961	 	 	 	1.85053	0.860858	-0.712727	 	 	 	
1278347375011	 	 	 	1.84163	0.860899	-0.716102	1.66	0.55	-0.7	
1278347375020	2.21948	-5	-0.500259	 	 	 	1.66	0.55	-0.7	
1278347375061	 	 	 	1.83152	0.865817	-0.716197	1.66	0.55	-0.7	
1278347375111	 	 	 	1.8155	0.861633	-0.713968	1.66	0.55	-0.7	
1278347375161	 	 	 	1.80478	0.856273	-0.712398	1.66	0.55	-0.7	
1278347375211	 	 	 	1.79444	0.852798	-0.70768	1.66	0.55	-0.7	
1278347375220	 	 	 	1.79226	0.852229	-0.707308	 	 	 	
1278347375221	2.18827	-5	-0.497524	 	 	 	1.66	0.55	-0.7	
1278347375261	 	 	 	1.77039	0.836722	-0.708308	1.66	0.55	-0.7	
1278347375311	 	 	 	1.72912	0.796872	-0.712133	1.66	0.55	-0.7	
1278347375361	 	 	 	1.74441	0.813566	-0.700186	 	 	 	
1278347375362	 	 	 	 	 	 	1.66	0.55	-0.7	
1278347375411	 	 	 	1.74315	0.814831	-0.694753	 	 	 	
1278347375412	 	 	 	 	 	 	1.66	0.55	-0.7	
1278347375421	2.16959	-5	-0.496549	1.74874	0.826701	-0.691295	1.66	0.55	-0.7	
1278347375461	 	 	 	1.743	0.819944	-0.689791	 	 	 	
1278347375462	 	 	 	 	 	 	1.66	0.55	-0.7	
1278347375511	 	 	 	1.73141	0.815168	-0.687407	 	 	 	
1278347375512	 	 	 	 	 	 	1.66	0.55	-0.7	
1278347375562	 	 	 	1.71854	0.814022	-0.685763	1.66	0.55	-0.7	
1278347375612	 	 	 	1.69966	0.799616	-0.687748	 	 	 	
1278347375613	 	 	 	 	 	 	1.66	0.55	-0.7	
1278347375621	2.15604	-5	-0.498899	1.69484	0.801425	-0.690059	1.66	0.55	-0.7	
1278347375662	 	 	 	1.68356	0.795787	-0.695462	1.66	0.55	-0.7	
1278347375712	 	 	 	1.65889	0.793416	-0.697726	1.66	0.55	-0.7	
1278347375762	 	 	 	1.62703	0.792523	-0.700963	1.66	0.55	-0.7	
1278347375812	 	 	 	1.62255	0.786127	-0.703515	 	 	 	
1278347375813	 	 	 	 	 	 	1.66	0.55	-0.7	
1278347375821	 	 	 	1.61952	0.785189	-0.703998	 	 	 	
1278347375912	 	 	 	1.62706	0.777477	-0.707222	 	 	 	
1278347375913	 	 	 	 	 	 	1.66	0.55	-0.7	
1278347375962	 	 	 	1.61981	0.77483	-0.708699	 	 	 	
1278347375963	 	 	 	 	 	 	1.66	0.55	-0.7	
1278347376012	 	 	 	1.61223	0.776198	-0.708476	 	 	 	
1278347376013	 	 	 	 	 	 	1.66	0.55	-0.7	
1278347376021	 	 	 	1.61093	0.775783	-0.708708	 	 	 	
1278347376022	2.16528	-5	-0.497925	 	 	 	1.66	0.55	-0.7	
1278347376062	 	 	 	1.6049	0.777011	-0.707676	 	 	 	
1278347376063	 	 	 	 	 	 	1.66	0.55	-0.7	
1278347376112	 	 	 	1.59922	0.78086	-0.704769	 	 	 	
1278347376113	 	 	 	 	 	 	1.66	0.55	-0.7	
1278347376163	 	 	 	1.59408	0.78259	-0.702392	1.66	0.55	-0.7	
1278347376213	 	 	 	 	 	 	1.66	0.55	-0.7	
1278347376222	 	 	 	1.59332	0.783049	-0.699056	1.66	0.55	-0.7	
1278347376223	2.17736	-5	-0.497007	 	 	 	 	 	 	
1278347376263	 	 	 	1.59025	0.783667	-0.697437	1.66	0.55	-0.7	
1278347376313	 	 	 	1.59793	0.791513	-0.692761	1.66	0.55	-0.7	
1278347376363	 	 	 	1.60087	0.796755	-0.690991	1.66	0.55	-0.7	
1278347376413	 	 	 	1.59644	0.796469	-0.689796	1.66	0.55	-0.7	
1278347376421	 	 	 	1.59612	0.796842	-0.68941	 	 	 	
1278347376422	 	 	 	 	 	 	1.66	0.55	-0.7	
1278347376623	2.2035	-5	-0.501244	 	 	 	 	 	 	
1278347376663	 	 	 	1.58844	0.833314	-0.681535	 	 	 	
1278347376664	 	 	 	 	 	 	1.66	0.55	-0.7	
1278347376713	 	 	 	1.59197	0.83722	-0.682327	 	 	 	
1278347376714	 	 	 	 	 	 	1.66	0.55	-0.7	
1278347376763	 	 	 	1.59648	0.835577	-0.686243	 	 	 	
1278347376764	 	 	 	 	 	 	1.66	0.55	-0.7	
1278347376814	 	 	 	1.60253	0.839459	-0.688834	1.66	0.55	-0.7	
1278347376824	2.2169	-5	-0.504446	1.60325	0.840145	-0.689151	1.66	0.55	-0.7	
1278347376864	 	 	 	1.60927	0.842811	-0.692813	1.66	0.55	-0.7	
1278347376914	 	 	 	1.61378	0.849411	-0.696205	 	 	 	
1278347376915	 	 	 	 	 	 	1.66	0.55	-0.7	
1278347376965	 	 	 	1.61823	0.852226	-0.699688	1.66	0.55	-0.7	
1278347377015	 	 	 	1.62176	0.859443	-0.700272	 	 	 	
1278347377016	 	 	 	 	 	 	1.66	0.55	-0.7	
1278347377024	2.22604	-5	-0.505205	1.62219	0.859928	-0.700492	1.66	0.55	-0.7	
1278347377065	 	 	 	1.626	0.862598	-0.702099	 	 	 	
1278347377066	 	 	 	 	 	 	1.66	0.55	-0.7	
1278347377115	 	 	 	1.62911	0.868705	-0.702709	 	 	 	
1278347377116	 	 	 	 	 	 	1.66	0.55	-0.7	
1278347377366	 	 	 	1.65012	0.87073	-0.696544	1.66	0.55	-0.7	
1278347377416	 	 	 	1.65549	0.872025	-0.694223	1.66	0.55	-0.7	
1278347377424	2.23485	-5	-0.505442	1.65597	0.872094	-0.69408	1.66	0.55	-0.7	
1278347377466	 	 	 	1.66022	0.871585	-0.693019	 	 	 	
1278347377467	 	 	 	 	 	 	1.66	0.55	-0.7	
1278347377517	 	 	 	1.66368	0.87306	-0.690671	 	 	 	
1278347377518	 	 	 	 	 	 	1.66	0.55	-0.7	
1278347377567	 	 	 	1.66754	0.871735	-0.690451	 	 	 	
1278347377568	 	 	 	 	 	 	1.66	0.55	-0.7	
1278347377618	 	 	 	1.67579	0.867236	-0.690412	1.66	0.55	-0.7	
1278347377624	2.23379	-5	-0.507161	1.67635	0.867072	-0.690336	1.66	0.55	-0.7	
1278347377668	 	 	 	 	 	 	1.66	0.55	-0.7	
1278347377718	 	 	 	1.69451	0.855946	-0.692159	 	 	 	
1278347377719	 	 	 	 	 	 	1.66	0.55	-0.7	
1278347377769	 	 	 	1.70087	0.853033	-0.693301	1.66	0.55	-0.7	
1278347377819	 	 	 	1.70551	0.848913	-0.699852	1.66	0.55	-0.7	
1278347377824	2.22688	-5	-0.508621	1.70615	0.848498	-0.700136	1.66	0.55	-0.7	
1278347377869	 	 	 	1.71162	0.845602	-0.702546	1.66	0.55	-0.7	
1278347377970	 	 	 	 	 	 	1.66	0.55	-0.7	
1278347378020	 	 	 	1.72877	0.847754	-0.700225	 	 	 	
1278347378021	 	 	 	 	 	 	1.66	0.55	-0.7	
1278347378025	 	 	 	1.72719	0.847968	-0.698232	1.66	0.55	-0.7	
1278347378026	2.21528	-5	-0.50825	 	 	 	 	 	 	
1278347378070	 	 	 	1.73192	0.845497	-0.697233	 	 	 	
1278347378071	 	 	 	 	 	 	1.66	0.55	-0.7	
1278347378121	 	 	 	1.73502	0.84306	-0.695222	1.66	0.55	-0.7	
1278347378171	 	 	 	1.74033	0.845372	-0.693103	1.66	0.55	-0.7	
1278347378222	 	 	 	1.74428	0.844829	-0.692318	1.66	0.55	-0.7	
1278347378226	2.19994	-5	-0.509305	1.74428	0.844829	-0.692318	1.66	0.55	-0.7	
1278347378272	 	 	 	1.74552	0.837635	-0.693034	1.66	0.55	-0.7	
1278347378322	 	 	 	1.74828	0.837706	-0.692394	1.66	0.55	-0.7	
1278347378372	 	 	 	1.75184	0.838956	-0.691549	1.66	0.55	-0.7	
1278347378422	 	 	 	1.75836	0.840139	-0.691877	 	 	 	
1278347378423	 	 	 	 	 	 	1.66	0.55	-0.7	
1278347378425	 	 	 	1.75857	0.844187	-0.690995	1.66	0.55	-0.7	
1278347378426	2.18195	-5	-0.510882	 	 	 	 	 	 	
1278347378472	 	 	 	1.76247	0.845609	-0.690387	 	 	 	
1278347378473	 	 	 	 	 	 	1.66	0.55	-0.7	
1278347378623	 	 	 	1.76867	0.846563	-0.694382	1.66	0.55	-0.7	
1278347378626	 	 	 	1.76897	0.846611	-0.694474	1.66	0.55	-0.7	
1278347378627	2.16119	-5	-0.512521	 	 	 	 	 	 	
1278347378673	 	 	 	1.77136	0.847387	-0.696336	1.66	0.55	-0.7	
1278347378723	 	 	 	1.7742	0.851153	-0.69851	1.66	0.55	-0.7	
1278347378773	 	 	 	1.77778	0.858297	-0.698771	1.66	0.55	-0.7	
1278347378823	 	 	 	1.78051	0.861876	-0.700231	1.66	0.55	-0.7	
1278347378826	 	 	 	1.78051	0.861876	-0.700231	1.66	0.55	-0.7	
1278347378827	2.13825	-5	-0.512838	 	 	 	 	 	 	
1278347378874	 	 	 	1.78164	0.86799	-0.700102	1.66	0.55	-0.7	
1278347378925	 	 	 	1.7849	0.874619	-0.699334	1.66	0.55	-0.7	
1278347378975	 	 	 	1.78881	0.88311	-0.697808	1.66	0.55	-0.7	
1278347379025	 	 	 	1.79583	0.889392	-0.697307	1.66	0.55	-0.7	
1278347379026	 	 	 	1.79583	0.889392	-0.697307	1.66	0.55	-0.7	
1278347379027	2.11281	-5	-0.513045	 	 	 	 	 	 	
1278347379075	 	 	 	1.79735	0.896251	-0.695865	1.66	0.55	-0.7	
1278347379327	 	 	 	1.82536	0.925135	-0.692012	1.66	0.55	-0.7	
1278347379377	 	 	 	1.83406	0.920031	-0.701643	1.66	0.55	-0.7	
1278347379427	 	 	 	1.84622	0.91394	-0.714257	 	 	 	
1278347379428	 	 	 	 	 	 	1.66	0.55	-0.7	
1278347379430	2.04965	-5	-0.514477	1.84622	0.91394	-0.714257	1.66	0.55	-0.7	
1278347379478	 	 	 	1.84629	0.914145	-0.715008	 	 	 	
1278347379479	 	 	 	 	 	 	1.66	0.55	-0.7	
1278347379528	 	 	 	1.85806	0.921701	-0.713187	 	 	 	
1278347379529	 	 	 	 	 	 	1.66	0.55	-0.7	
1278347379579	 	 	 	1.87169	0.943725	-0.70656	 	 	 	
1278347379629	 	 	 	1.8808	0.955895	-0.700862	1.66	0.55	-0.7	
1278347379630	 	 	 	1.8808	0.955895	-0.700862	 	 	 	
1278347379631	2.00924	-5	-0.512149	 	 	 	1.66	0.55	-0.7	
1278347379680	 	 	 	1.8875	0.975724	-0.69036	1.66	0.55	-0.7	
1278347379730	 	 	 	1.8699	0.931684	-0.683056	 	 	 	
1278347379731	 	 	 	 	 	 	1.66	0.55	-0.7	
1278347379780	 	 	 	1.86711	0.928301	-0.676514	 	 	 	
1278347379781	 	 	 	 	 	 	1.66	0.55	-0.7	
1278347379831	 	 	 	1.87678	0.940046	-0.673719	 	 	 	
1278347379832	 	 	 	 	 	 	1.66	0.55	-0.7	
1278347379982	 	 	 	1.86511	0.912219	-0.68223	 	 	 	
1278347379983	 	 	 	 	 	 	1.66	0.55	-0.7	
1278347380033	 	 	 	1.85627	0.903849	-0.682831	1.66	0.55	-0.7	
1278347380034	1.92366	-5	-0.520541	1.85627	0.903849	-0.682831	1.66	0.55	-0.7	
1278347380083	 	 	 	1.84583	0.905242	-0.682548	 	 	 	
1278347380084	 	 	 	 	 	 	1.66	0.55	-0.7	
1278347380134	 	 	 	1.84136	0.901981	-0.685513	1.66	0.55	-0.7	
1278347380184	 	 	 	1.83991	0.9007	-0.689354	1.66	0.55	-0.7	
1278347380234	 	 	 	1.84125	0.894862	-0.697972	 	 	 	
1278347380235	 	 	 	1.84125	0.894862	-0.697972	1.66	0.55	-0.7	
1278347380236	1.88702	-5	-0.523021	 	 	 	1.66	0.55	-0.7	
1278347380284	 	 	 	1.83864	0.89041	-0.702548	 	 	 	
1278347380285	 	 	 	 	 	 	1.66	0.55	-0.7	
1278347380335	 	 	 	1.83751	0.88258	-0.711505	1.66	0.55	-0.7	
1278347380385	 	 	 	1.83683	0.878983	-0.714652	1.66	0.55	-0.7	
1278347380436	 	 	 	1.83768	0.875355	-0.716564	1.66	0.55	-0.7	
1278347380437	 	 	 	1.83768	0.875355	-0.716564	 	 	 	
1278347380438	1.85143	-5	-0.520964	 	 	 	1.66	0.55	-0.7	
1278347380486	 	 	 	1.83821	0.868107	-0.718892	1.66	0.55	-0.7	
1278347380687	 	 	 	1.83172	0.852562	-0.7035	 	 	 	
1278347380688	 	 	 	 	 	 	1.66	0.55	-0.7	
1278347380738	 	 	 	1.83338	0.851361	-0.698661	1.66	0.55	-0.7	
1278347380788	 	 	 	1.83554	0.850399	-0.695292	1.66	0.55	-0.7	
1278347380839	 	 	 	1.83592	0.853384	-0.690536	1.66	0.55	-0.7	
1278347380840	1.78165	-5	-0.518454	1.83592	0.853384	-0.690536	1.66	0.55	-0.7	
1278347380889	 	 	 	1.83563	0.856996	-0.686182	1.66	0.55	-0.7	
1278347380939	 	 	 	1.83906	0.863464	-0.683754	 	 	 	
1278347380940	 	 	 	 	 	 	1.66	0.55	-0.7	
1278347380989	 	 	 	1.83809	0.867023	-0.683151	 	 	 	
1278347380990	 	 	 	 	 	 	1.66	0.55	-0.7	
1278347381040	 	 	 	1.8359	0.8701	-0.682825	 	 	 	
1278347381041	 	 	 	1.8359	0.8701	-0.682825	1.66	0.55	-0.7	
1278347381042	1.74611	-5	-0.521588	 	 	 	 	 	 	
1278347381090	 	 	 	1.83207	0.871544	-0.683644	 	 	 	
1278347381091	 	 	 	 	 	 	1.66	0.55	-0.7	
1278347381141	 	 	 	1.83145	0.872314	-0.688363	1.66	0.55	-0.7	
1278347381191	 	 	 	1.83346	0.877068	-0.69037	1.66	0.55	-0.7	
1278347381342	 	 	 	1.8349	0.889488	-0.698864	 	 	 	
1278347381343	 	 	 	 	 	 	1.66	0.55	-0.7	
1278347381392	 	 	 	1.83113	0.894194	-0.69964	 	 	 	
1278347381393	 	 	 	 	 	 	1.66	0.55	-0.7	
1278347381443	 	 	 	1.82867	0.896697	-0.701501	 	 	 	
1278347381444	 	 	 	 	 	 	1.66	0.55	-0.7	
1278347381445	1.67649	-5	-0.524258	1.82867	0.896697	-0.701501	1.66	0.55	-0.7	
1278347381493	 	 	 	1.82674	0.897143	-0.703538	 	 	 	
1278347381494	 	 	 	 	 	 	1.66	0.55	-0.7	
1278347381544	 	 	 	1.81863	0.903568	-0.699504	 	 	 	
1278347381545	 	 	 	 	 	 	1.66	0.55	-0.7	
1278347381594	 	 	 	1.81191	0.904084	-0.697584	 	 	 	
1278347381595	 	 	 	 	 	 	1.66	0.55	-0.7	
1278347381645	 	 	 	1.80633	0.904638	-0.694001	1.66	0.55	-0.7	
1278347381646	1.64489	-5	-0.524421	1.80633	0.904638	-0.694001	1.66	0.55	-0.7	
1278347381695	 	 	 	1.79947	0.906929	-0.690909	1.66	0.55	-0.7	
1278347381745	 	 	 	1.79407	0.9124	-0.686605	 	 	 	
1278347381746	 	 	 	 	 	 	1.66	0.55	-0.7	
1278347381795	 	 	 	1.78861	0.907386	-0.689718	 	 	 	
1278347381796	 	 	 	 	 	 	1.66	0.55	-0.7	
1278347381846	 	 	 	1.77849	0.891203	-0.695735	1.66	0.55	-0.7	
1278347381847	 	 	 	1.77849	0.891203	-0.695735	1.66	0.55	-0.7	
1278347381848	1.61839	-5	-0.526274	 	 	 	 	 	 	
1278347381947	 	 	 	 	 	 	1.66	0.55	-0.7	
1278347381997	 	 	 	1.77236	0.922196	-0.687189	1.66	0.55	-0.7	
1278347382048	 	 	 	1.76746	0.927595	-0.687366	1.66	0.55	-0.7	
1278347382049	1.59539	-5	-0.528417	1.76746	0.927595	-0.687366	1.66	0.55	-0.7	
1278347382098	 	 	 	1.75805	0.928674	-0.68839	1.66	0.55	-0.7	
1278347382148	 	 	 	1.74374	0.932727	-0.688771	 	 	 	
1278347382149	 	 	 	 	 	 	1.66	0.55	-0.7	
1278347382198	 	 	 	1.74418	0.948849	-0.685431	 	 	 	
1278347382199	 	 	 	 	 	 	1.66	0.55	-0.7	
1278347382249	 	 	 	1.74552	0.972546	-0.67605	1.66	0.55	-0.7	
1278347382250	 	 	 	1.74552	0.972546	-0.67605	1.66	0.55	-0.7	
1278347382251	1.57744	-5	-0.531318	 	 	 	 	 	 	
1278347382299	 	 	 	1.73066	0.969143	-0.681568	 	 	 	
1278347382300	 	 	 	 	 	 	1.66	0.55	-0.7	
1278347382350	 	 	 	 	 	 	1.66	0.55	-0.7	
1278347382400	 	 	 	1.69153	0.95134	-0.70052	1.66	0.55	-0.7	
1278347382450	 	 	 	1.67684	0.94873	-0.704985	1.66	0.55	-0.7	
1278347382452	 	 	 	1.67684	0.94873	-0.704985	1.66	0.55	-0.7	
1278347382453	1.56884	-5	-0.532488	 	 	 	 	 	 	
1278347382803	 	 	 	1.54609	0.951925	-0.679827	1.66	0.55	-0.7	
1278347382853	 	 	 	1.50455	0.966782	-0.638458	1.66	0.55	-0.7	
1278347382854	 	 	 	1.50455	0.966782	-0.638458	 	 	 	
1278347382855	1.59306	-5	-0.532892	 	 	 	1.66	0.55	-0.7	
1278347382903	 	 	 	1.46488	0.991259	-0.611676	 	 	 	
1278347382904	 	 	 	 	 	 	1.66	0.55	-0.7	
1278347382954	 	 	 	1.48931	1.00111	-0.664377	1.66	0.55	-0.7	
1278347383004	 	 	 	1.46896	0.980687	-0.699471	1.66	0.55	-0.7	
1278347383054	 	 	 	1.48408	1.00047	-0.71872	 	 	 	
1278347383055	 	 	 	 	 	 	1.66	0.55	-0.7	
1278347383056	1.62891	-5	-0.53948	1.48408	1.00047	-0.71872	1.66	0.55	-0.7	
1278347383104	 	 	 	1.48974	1.01656	-0.729469	 	 	 	
1278347383105	 	 	 	 	 	 	1.66	0.55	-0.7	
1278347383155	 	 	 	1.4976	1.02894	-0.738368	1.66	0.55	-0.7	
1278347383205	 	 	 	1.49107	1.0258	-0.74388	 	 	 	
1278347383206	 	 	 	 	 	 	1.66	0.55	-0.7	
1278347383256	 	 	 	1.47798	1.01494	-0.751637	 	 	 	
1278347383257	 	 	 	1.47798	1.01494	-0.751637	1.66	0.55	-0.7	
1278347383258	1.66322	-5	-0.531683	 	 	 	1.66	0.55	-0.7	
1278347383508	 	 	 	1.45046	0.918579	-0.730475	1.66	0.55	-0.7	
1278347383558	 	 	 	1.43939	0.893856	-0.722744	 	 	 	
1278347383559	 	 	 	 	 	 	1.66	0.55	-0.7	
1278347383608	 	 	 	1.42843	0.876515	-0.714795	 	 	 	
1278347383609	 	 	 	 	 	 	1.66	0.55	-0.7	
1278347383659	 	 	 	1.41875	0.866301	-0.703799	1.66	0.55	-0.7	
1278347383660	 	 	 	1.41875	0.866301	-0.703799	1.66	0.55	-0.7	
1278347383661	1.7474	-5	-0.519998	 	 	 	 	 	 	
1278347383709	 	 	 	1.41285	0.867808	-0.689798	 	 	 	
1278347383710	 	 	 	 	 	 	1.66	0.55	-0.7	
1278347383759	 	 	 	1.40673	0.86513	-0.678488	 	 	 	
1278347383760	 	 	 	 	 	 	1.66	0.55	-0.7	
1278347383810	 	 	 	1.39642	0.859195	-0.672407	1.66	0.55	-0.7	
1278347383860	 	 	 	1.38363	0.847255	-0.671632	 	 	 	
1278347383861	 	 	 	 	 	 	1.66	0.55	-0.7	
1278347383862	1.79879	-5	-0.524145	1.38363	0.847255	-0.671632	1.66	0.55	-0.7	
1278347383911	 	 	 	1.38028	0.846537	-0.666356	1.66	0.55	-0.7	
1278347383961	 	 	 	1.3822	0.854199	-0.666386	 	 	 	
1278347383962	 	 	 	 	 	 	1.66	0.55	-0.7	
1278347384011	 	 	 	1.38217	0.855468	-0.667419	 	 	 	
1278347384012	 	 	 	 	 	 	1.66	0.55	-0.7	
1278347384263	 	 	 	1.38323	0.851752	-0.713118	 	 	 	
1278347384264	 	 	 	 	 	 	1.66	0.55	-0.7	
1278347384265	1.91022	-5	-0.53127	1.38323	0.851752	-0.713118	1.66	0.55	-0.7	
1278347384314	 	 	 	1.3808	0.854883	-0.720253	1.66	0.55	-0.7	
1278347384364	 	 	 	1.38461	0.859125	-0.723468	1.66	0.55	-0.7	
1278347384414	 	 	 	1.38974	0.858527	-0.727465	 	 	 	
1278347384415	 	 	 	 	 	 	1.66	0.55	-0.7	
1278347384465	 	 	 	1.39403	0.859852	-0.725807	1.66	0.55	-0.7	
1278347384466	 	 	 	1.39403	0.859852	-0.725807	1.66	0.55	-0.7	
1278347384467	1.96492	-5	-0.526643	 	 	 	 	 	 	
1278347384515	 	 	 	1.39715	0.86093	-0.72861	 	 	 	
1278347384516	 	 	 	 	 	 	1.66	0.55	-0.7	
1278347384565	 	 	 	1.41228	0.856738	-0.720284	 	 	 	
1278347384566	 	 	 	 	 	 	1.66	0.55	-0.7	
1278347384616	 	 	 	1.42837	0.853272	-0.712429	 	 	 	
1278347384617	 	 	 	 	 	 	1.66	0.55	-0.7	
1278347384666	 	 	 	1.43913	0.850877	-0.706516	 	 	 	
1278347384667	 	 	 	 	 	 	1.66	0.55	-0.7	
1278347384668	 	 	 	1.43913	0.850877	-0.706516	 	 	 	
1278347384669	2.01355	-5	-0.523087	 	 	 	1.66	0.55	-0.7	
1278347384717	 	 	 	1.46857	0.858576	-0.704399	1.66	0.55	-0.7	
1278347385171	 	 	 	 	 	 	1.66	0.55	-0.7	
1278347385221	 	 	 	1.57486	0.822468	-0.71252	1.66	0.55	-0.7	
1278347385271	 	 	 	1.57634	0.829223	-0.712221	1.66	0.55	-0.7	
1278347385272	 	 	 	1.57634	0.829223	-0.712221	1.66	0.55	-0.7	
1278347385273	2.10151	-5	-0.530367	 	 	 	 	 	 	
1278347385321	 	 	 	1.5783	0.840977	-0.710191	 	 	 	
1278347385322	 	 	 	 	 	 	1.66	0.55	-0.7	
1278347385372	 	 	 	1.57751	0.862085	-0.700423	1.66	0.55	-0.7	
1278347385422	 	 	 	1.58224	0.869686	-0.696689	 	 	 	
1278347385423	 	 	 	 	 	 	1.66	0.55	-0.7	
1278347385472	 	 	 	1.59076	0.875702	-0.692819	 	 	 	
1278347385473	 	 	 	 	 	 	1.66	0.55	-0.7	
1278347385474	 	 	 	1.59076	0.875702	-0.692819	1.66	0.55	-0.7	
1278347385475	2.1173	-5	-0.530092	 	 	 	 	 	 	
1278347385523	 	 	 	1.59673	0.870806	-0.690184	 	 	 	
1278347385524	 	 	 	 	 	 	1.66	0.55	-0.7	
1278347385573	 	 	 	1.60788	0.86424	-0.690418	 	 	 	
1278347385574	 	 	 	 	 	 	1.66	0.55	-0.7	
1278347385624	 	 	 	1.61785	0.859039	-0.691716	1.66	0.55	-0.7	
1278347385674	 	 	 	1.62648	0.854046	-0.693879	1.66	0.55	-0.7	
1278347385676	 	 	 	1.62648	0.854046	-0.693879	1.66	0.55	-0.7	
1278347385677	2.1274	-5	-0.531857	 	 	 	 	 	 	
1278347386077	 	 	 	1.67464	0.820894	-0.706555	1.66	0.55	-0.7	
1278347386078	 	 	 	1.67464	0.820894	-0.706555	 	 	 	
1278347386079	2.13141	-5	-0.530992	 	 	 	1.66	0.55	-0.7	
1278347386127	 	 	 	1.68004	0.810701	-0.708357	 	 	 	
1278347386128	 	 	 	 	 	 	1.66	0.55	-0.7	
1278347386178	 	 	 	1.68161	0.801521	-0.708205	1.66	0.55	-0.7	
1278347386228	 	 	 	1.68703	0.791638	-0.708354	 	 	 	
1278347386229	 	 	 	 	 	 	1.66	0.55	-0.7	
1278347386278	 	 	 	1.68831	0.785829	-0.705767	 	 	 	
1278347386279	 	 	 	 	 	 	1.66	0.55	-0.7	
1278347386280	 	 	 	1.68831	0.785829	-0.705767	1.66	0.55	-0.7	
1278347386281	2.12702	-5	-0.52947	 	 	 	 	 	 	
1278347386329	 	 	 	1.68853	0.783564	-0.702428	1.66	0.55	-0.7	
1278347386379	 	 	 	1.68232	0.774447	-0.69801	 	 	 	
1278347386380	 	 	 	 	 	 	1.66	0.55	-0.7	
1278347386430	 	 	 	1.67912	0.768109	-0.694415	1.66	0.55	-0.7	
1278347386480	 	 	 	1.6737	0.762832	-0.690113	 	 	 	
1278347386481	 	 	 	 	 	 	1.66	0.55	-0.7	
1278347386482	2.12256	-5	-0.529954	1.6737	0.762832	-0.690113	1.66	0.55	-0.7	
1278347386531	 	 	 	1.66565	0.759991	-0.687723	1.66	0.55	-0.7	
1278347387133	 	 	 	1.58414	0.758991	-0.710959	 	 	 	
1278347387134	 	 	 	 	 	 	1.66	0.55	-0.7	
1278347387183	 	 	 	1.5984	0.776021	-0.708997	 	 	 	
1278347387184	 	 	 	 	 	 	1.66	0.55	-0.7	
1278347387233	 	 	 	1.58947	0.773693	-0.707544	 	 	 	
1278347387234	 	 	 	 	 	 	1.66	0.55	-0.7	
1278347387283	 	 	 	1.57422	0.763757	-0.703349	 	 	 	
1278347387284	 	 	 	 	 	 	1.66	0.55	-0.7	
1278347387288	2.15348	-5	-0.529517	1.57348	0.763628	-0.703166	1.66	0.55	-0.7	
1278347387333	 	 	 	1.56683	0.762469	-0.701512	 	 	 	
1278347387334	 	 	 	 	 	 	1.66	0.55	-0.7	
1278347387383	 	 	 	1.55576	0.754016	-0.694055	 	 	 	
1278347387384	 	 	 	 	 	 	1.66	0.55	-0.7	
1278347387434	 	 	 	1.55305	0.748944	-0.689202	1.66	0.55	-0.7	
1278347387484	 	 	 	1.54276	0.735283	-0.688634	 	 	 	
1278347387485	 	 	 	 	 	 	1.66	0.55	-0.7	
1278347387488	2.17366	-5	-0.53046	1.54276	0.735283	-0.688634	1.66	0.55	-0.7	
1278347387534	 	 	 	1.52047	0.703485	-0.690125	 	 	 	
1278347387535	 	 	 	 	 	 	1.66	0.55	-0.7	
1278347387584	 	 	 	1.53433	0.705215	-0.689294	 	 	 	
1278347387585	 	 	 	 	 	 	1.66	0.55	-0.7	
1278347387634	 	 	 	1.53504	0.714198	-0.684508	 	 	 	
1278347387635	 	 	 	 	 	 	1.66	0.55	-0.7	
1278347388034	 	 	 	1.54082	0.69467	-0.702567	 	 	 	
1278347388035	 	 	 	 	 	 	1.66	0.55	-0.7	
1278347388084	 	 	 	1.54559	0.689149	-0.709642	 	 	 	
1278347388085	 	 	 	 	 	 	1.66	0.55	-0.7	
1278347388088	2.24769	-5	-0.537777	1.54583	0.688632	-0.7102	1.66	0.55	-0.7	
1278347388135	 	 	 	1.548	0.683974	-0.71522	1.66	0.55	-0.7	
1278347388185	 	 	 	1.54979	0.687	-0.717983	1.66	0.55	-0.7	
1278347388235	 	 	 	1.56087	0.695646	-0.722485	1.66	0.55	-0.7	
1278347388285	 	 	 	1.55873	0.693457	-0.722434	1.66	0.55	-0.7	
1278347388289	 	 	 	1.55899	0.693469	-0.722726	1.66	0.55	-0.7	
1278347388335	 	 	 	1.55581	0.692307	-0.720151	1.66	0.55	-0.7	
1278347388385	 	 	 	1.54869	0.691634	-0.712872	1.66	0.55	-0.7	
1278347388435	 	 	 	1.54651	0.692524	-0.709026	 	 	 	
1278347388436	 	 	 	 	 	 	1.66	0.55	-0.7	
1278347388485	 	 	 	1.53953	0.696713	-0.702045	 	 	 	
1278347388486	 	 	 	 	 	 	1.66	0.55	-0.7	
1278347388489	 	 	 	1.53953	0.696713	-0.702045	1.66	0.55	-0.7	
1278347388490	2.29115	-5	-0.531518	 	 	 	 	 	 	
1278347388890	2.35004	-5	-0.535187	 	 	 	 	 	 	
1278347388937	 	 	 	1.50317	0.725967	-0.697585	 	 	 	
1278347388938	 	 	 	 	 	 	1.66	0.55	-0.7	
1278347388987	 	 	 	1.50049	0.729136	-0.700927	 	 	 	
1278347388988	 	 	 	 	 	 	1.66	0.55	-0.7	
1278347389038	 	 	 	1.49931	0.730702	-0.703725	1.66	0.55	-0.7	
1278347389088	 	 	 	1.49859	0.732681	-0.706689	1.66	0.55	-0.7	
1278347389089	 	 	 	1.49859	0.732681	-0.706689	1.66	0.55	-0.7	
1278347389090	2.38182	-5	-0.53504	 	 	 	 	 	 	
1278347389139	 	 	 	1.50023	0.733404	-0.708613	1.66	0.55	-0.7	
1278347389189	 	 	 	1.50098	0.73516	-0.709591	1.66	0.55	-0.7	
1278347389239	 	 	 	1.50811	0.737498	-0.707512	 	 	 	
1278347389240	 	 	 	 	 	 	1.66	0.55	-0.7	
1278347389289	 	 	 	1.51248	0.740115	-0.706064	1.66	0.55	-0.7	
1278347389290	2.41314	-5	-0.533387	 	 	 	 	 	 	
1278347389291	 	 	 	1.51248	0.740115	-0.706064	1.66	0.55	-0.7	
1278347389341	 	 	 	1.51621	0.742872	-0.704218	1.66	0.55	-0.7	
1278347389391	 	 	 	1.5241	0.746491	-0.701629	1.66	0.55	-0.7	
1278347389441	 	 	 	1.52755	0.749548	-0.699897	1.66	0.55	-0.7	
1278347389643	 	 	 	1.55687	0.745795	-0.699441	1.66	0.55	-0.7	
1278347389689	 	 	 	1.56201	0.755974	-0.696867	1.66	0.55	-0.7	
1278347389690	2.46283	-5	-0.532982	 	 	 	 	 	 	
1278347389693	 	 	 	1.56261	0.756569	-0.69669	 	 	 	
1278347389694	 	 	 	 	 	 	1.66	0.55	-0.7	
1278347389743	 	 	 	1.58756	0.774354	-0.701746	 	 	 	
1278347389744	 	 	 	 	 	 	1.66	0.55	-0.7	
1278347389794	 	 	 	1.60191	0.787496	-0.703903	1.66	0.55	-0.7	
1278347389844	 	 	 	1.60153	0.787467	-0.702682	 	 	 	
1278347389845	 	 	 	 	 	 	1.66	0.55	-0.7	
1278347389890	 	 	 	1.59158	0.779335	-0.700762	1.66	0.55	-0.7	
1278347389891	2.47688	-5	-0.532775	 	 	 	 	 	 	
1278347389895	 	 	 	1.59181	0.779541	-0.700725	1.66	0.55	-0.7	
1278347389945	 	 	 	1.5941	0.781602	-0.700351	1.66	0.55	-0.7	
1278347389995	 	 	 	1.5923	0.780033	-0.700453	 	 	 	
1278347389996	 	 	 	 	 	 	1.66	0.55	-0.7	
1278347390045	 	 	 	1.58984	0.785711	-0.69929	 	 	 	
1278347390046	 	 	 	 	 	 	1.66	0.55	-0.7	
1278347390090	2.49059	-5	-0.532757	1.58908	0.790629	-0.69926	1.66	0.55	-0.7	
1278347390096	 	 	 	1.58903	0.791024	-0.699218	1.66	0.55	-0.7	
1278347390146	 	 	 	1.58921	0.787444	-0.70125	1.66	0.55	-0.7	
1278347390196	 	 	 	 	 	 	1.66	0.55	-0.7	
1278347390246	 	 	 	1.59069	0.78406	-0.704548	1.66	0.55	-0.7	
1278347390290	2.50443	-5	-0.532155	1.59793	0.76924	-0.708319	1.66	0.55	-0.7	
1278347390296	 	 	 	1.59822	0.768626	-0.708539	1.66	0.55	-0.7	
1278347390346	 	 	 	1.60097	0.753526	-0.711226	1.66	0.55	-0.7	
1278347390396	 	 	 	1.60259	0.738896	-0.712002	1.66	0.55	-0.7	
1278347390446	 	 	 	1.60407	0.728472	-0.711792	1.66	0.55	-0.7	
1278347390490	 	 	 	1.60414	0.719898	-0.710922	 	 	 	
1278347390491	2.51594	-5	-0.529877	 	 	 	1.66	0.55	-0.7	
1278347390496	 	 	 	1.60428	0.718851	-0.71096	1.66	0.55	-0.7	
1278347390546	 	 	 	1.60112	0.710049	-0.707242	 	 	 	
1278347390547	 	 	 	 	 	 	1.66	0.55	-0.7	
1278347390596	 	 	 	1.60089	0.699671	-0.705013	 	 	 	
1278347390597	 	 	 	 	 	 	1.66	0.55	-0.7	
1278347390647	 	 	 	1.59952	0.689114	-0.701146	 	 	 	
1278347390648	 	 	 	 	 	 	1.66	0.55	-0.7	
1278347390690	 	 	 	1.59874	0.681322	-0.698584	 	 	 	
1278347390691	2.52782	-5	-0.528975	 	 	 	1.66	0.55	-0.7	
1278347390698	 	 	 	1.59859	0.679297	-0.698057	1.66	0.55	-0.7	
1278347390748	 	 	 	1.59735	0.669148	-0.694704	 	 	 	
1278347391051	 	 	 	1.58244	0.609948	-0.694818	 	 	 	
1278347391052	 	 	 	 	 	 	1.66	0.55	-0.7	
1278347391092	 	 	 	1.57845	0.604547	-0.695354	1.66	0.55	-0.7	
1278347391093	2.55551	-5	-0.531813	 	 	 	 	 	 	
1278347391102	 	 	 	1.57771	0.602796	-0.695498	1.66	0.55	-0.7	
1278347391152	 	 	 	1.57332	0.59776	-0.696661	 	 	 	
1278347391153	 	 	 	 	 	 	1.66	0.55	-0.7	
1278347391202	 	 	 	1.56682	0.592728	-0.697995	 	 	 	
1278347391203	 	 	 	 	 	 	1.66	0.55	-0.7	
1278347391253	 	 	 	1.56128	0.587091	-0.699154	1.66	0.55	-0.7	
1278347391293	 	 	 	1.55573	0.582908	-0.700044	1.66	0.55	-0.7	
1278347391294	2.57415	-5	-0.532225	 	 	 	 	 	 	
1278347391303	 	 	 	1.55441	0.5829	-0.700567	1.66	0.55	-0.7	
1278347391353	 	 	 	1.54791	0.578706	-0.701709	 	 	 	
1278347391354	 	 	 	 	 	 	1.66	0.55	-0.7	
1278347391404	 	 	 	1.54082	0.576275	-0.702847	1.66	0.55	-0.7	
1278347391454	 	 	 	1.53402	0.574639	-0.703543	 	 	 	
1278347391455	 	 	 	 	 	 	1.66	0.55	-0.7	
1278347391494	 	 	 	1.52895	0.574135	-0.703956	 	 	 	
1278347391495	2.59795	-5	-0.531691	 	 	 	1.66	0.55	-0.7	
1278347391504	 	 	 	1.52765	0.57365	-0.704122	 	 	 	
1278347391505	 	 	 	 	 	 	1.66	0.55	-0.7	
1278347391555	 	 	 	1.51054	0.58226	-0.703466	1.66	0.55	-0.7	
1278347391856	 	 	 	 	 	 	1.66	0.55	-0.7	
1278347391895	 	 	 	1.47901	0.609467	-0.691099	1.66	0.55	-0.7	
1278347391896	2.66072	-5	-0.531459	 	 	 	 	 	 	
1278347391906	 	 	 	1.47817	0.611014	-0.690584	 	 	 	
1278347391956	 	 	 	1.47308	0.61949	-0.688	1.66	0.55	-0.7	
1278347392006	 	 	 	1.47837	0.635668	-0.687077	1.66	0.55	-0.7	
1278347392056	 	 	 	1.49563	0.662692	-0.685669	1.66	0.55	-0.7	
1278347392095	2.69673	-5	-0.533989	1.48035	0.674563	-0.683513	1.66	0.55	-0.7	
1278347392106	 	 	 	1.46502	0.687572	-0.681624	1.66	0.55	-0.7	
