unix_timestamp	Gyro_Phi	Gyro_Psi	Gyro_Theta	Mag._X	
1278327938985	29775	29457	29936	13584	
1278327939086	29836	29555	30013	13591	
1278327939187	29848	29575	29927	13603	
1278327939287	29887	29553	29964	13601	
1278327939388	29923	29532	29927	13592	
1278327939488	29840	29447	29921	13575	
1278327939589	29904	29444	29831	13580	
1278327939690	29839	29393	29932	13569	
1278327939791	29795	29484	30026	13584	
1278327939891	29800	29603	29968	13603	
1278327939992	29836	29459	29960	13571	
1278327940092	29904	29511	29922	13590	
1278327940193	29870	29470	29960	13582	
1278327940294	29976	29399	29945	13567	
1278327940394	29912	29455	29843	13575	
1278327940495	29857	29510	29904	13575	
1278327940596	29871	29537	29964	13592	
1278327940696	29740	29459	29896	13563	
1278327940797	29844	29496	29953	13584	
1278327940898	29863	29648	29966	13603	
1278327941099	29985	29327	29907	13558	
1278327941200	29944	29408	29921	13559	
1278327941300	29798	29539	29952	13584	
1278327941400	29843	29516	29959	13583	
1278327941500	29856	29616	29967	13601	
1278327941600	29756	29523	29916	13586	
1278327941700	29960	29376	29969	13542	
1278327941800	29934	29509	29964	13577	
1278327941900	29854	29617	30008	13587	
1278327942000	29936	29454	29927	13564	
1278327942101	29819	29406	29921	13564	
1278327942202	29806	29521	29928	13571	
1278327942302	29875	29532	29967	13580	
1278327942403	29824	29435	29880	13561	
1278327942504	29937	29550	29991	13583	
1278327942604	29904	29576	29927	13574	
1278327942705	29852	29475	29904	13563	
1278327942805	29918	29491	29960	13567	
1278327942906	29854	29537	29932	13577	
1278327943006	29784	29532	29923	13567	
1278327943107	29815	29391	29930	13560	
1278327943208	29839	29416	29916	13553	
1278327943309	29884	29587	30008	13584	
1278327943409	29863	29660	30030	13597	
1278327943510	29831	29456	29916	13554	
1278327943610	29817	29550	29959	13582	
1278327943710	29895	29440	29982	13552	
1278327943810	29807	29464	29952	13561	
1278327943910	29807	29500	29934	13568	
1278327944010	29895	29502	29987	13559	
1278327944110	29827	29496	29894	13568	
1278327944211	29902	29521	29960	13568	
1278327944311	29904	29619	30000	13579	
1278327944412	29932	29527	29968	13572	
1278327944513	29951	29448	29934	13552	
1278327944613	29857	29551	29991	13578	
1278327944713	29757	29471	29879	13559	
1278327944813	29799	29392	29902	13545	
1278327944913	29823	29504	29939	13558	
1278327945013	29839	29603	30000	13575	
1278327945113	29919	29584	30028	13569	
1278327945214	29958	29425	29916	13539	
1278327945315	29945	29388	29927	13543	
1278327945415	29916	29457	29982	13545	
1278327945515	29832	29455	29907	13551	
1278327945615	29799	29425	29902	13547	
1278327945715	29891	29486	29923	13556	
1278327945815	29824	29523	29960	13559	
1278327946015	29985	29446	29968	13548	
1278327946115	29854	29477	29871	13553	
1278327946215	29823	29488	29916	13547	
1278327946315	29819	29532	29927	13560	
1278327946415	29841	29518	29951	13556	
1278327946515	29841	29454	29939	13543	
1278327946615	29884	29639	29969	13580	
1278327946715	29856	29551	29943	13572	
1278327946815	29902	29427	29976	13545	
1278327946915	29891	29436	29903	13544	
1278327947015	29889	29470	29951	13544	
1278327947116	29960	29543	29987	13559	
1278327947216	29839	29432	29932	13545	
1278327947316	29793	29464	29964	13537	
1278327947416	29826	29537	30012	13561	
1278327947516	29841	29580	29934	13564	
1278327947616	29815	29521	29964	13553	
1278327947716	29966	29459	29977	13543	
1278327947816	29944	29457	29904	13539	
1278327947916	29872	29487	29922	13550	
1278327948017	29964	29559	29977	13559	
1278327948118	29854	29537	29916	13555	
1278327948218	29795	29423	29932	13544	
1278327948319	29799	29448	29916	13552	
1278327948420	29774	29473	29952	13539	
1278327948521	29829	29516	29991	13561	
1278327948621	29839	29523	29956	13545	
1278327948722	29873	29502	29943	13548	
1278327948823	29968	29519	29987	13558	
1278327948923	29968	29475	29921	13543	
1278327949024	29936	29487	29927	13543	
1278327949124	29923	29580	29967	13557	
1278327949225	29872	29512	29930	13548	
1278327949326	29824	29431	29937	13534	
1278327949427	29808	29433	29907	13542	
1278327949527	29783	29464	29951	13545	
1278327949628	29859	29544	29999	13544	
1278327949728	29832	29555	29976	13563	
1278327949929	29932	29507	29969	13543	
1278327950029	29911	29468	29879	13544	
1278327950129	29880	29384	29859	13526	
1278327950230	29848	29446	29939	13542	
1278327950330	29790	29493	29900	13539	
1278327950430	29807	29459	29944	13523	
1278327950530	29870	29435	29932	13536	
1278327950630	29868	29619	29937	13559	
1278327950730	29903	29539	29944	13543	
1278327950830	29944	29486	29943	13539	
1278327950930	29903	29507	29952	13547	
1278327951030	29895	29440	29966	13530	
1278327951130	29944	29455	29921	13537	
1278327951230	29868	29459	29889	13531	
1278327951331	29859	29484	29919	13539	
1278327951432	29891	29572	29934	13552	
1278327951532	29838	29459	29912	13537	
1278327951633	29775	29427	29912	13527	
1278327951734	29799	29488	29902	13534	
1278327951835	29758	29463	29937	13527	
1278327951936	29815	29532	30010	13545	
1278327952036	29832	29473	29939	13527	
1278327952137	29854	29475	29916	13537	
1278327952238	29912	29600	30001	13551	
1278327952338	29841	29638	29959	13563	
1278327952439	29884	29600	29921	13551	
1278327952540	29891	29484	29935	13529	
1278327952640	29905	29423	29955	13519	
1278327952741	30009	29516	30019	13540	
1278327952841	29928	29490	29944	13533	
1278327952942	29839	29408	29869	13513	
1278327953042	29953	29487	29939	13540	
1278327953143	29815	29500	29930	13544	
1278327953244	29823	29448	29902	13528	
1278327953344	29859	29452	29903	13524	
1278327953445	29747	29448	29952	13516	
1278327953545	29840	29508	29939	13534	
1278327953645	29927	29585	30028	13545	
1278327953745	29863	29580	29928	13544	
1278327953845	29891	29516	29935	13534	
1278327953945	29978	29523	29960	13539	
1278327954045	29921	29423	29927	13518	
1278327954146	29952	29468	29951	13524	
1278327954246	29907	29518	29923	13532	
1278327954347	29885	29470	29939	13526	
1278327954447	29919	29491	29913	13527	
1278327954548	29904	29498	29939	13526	
1278327954649	29875	29486	29968	13526	
1278327954750	29944	29452	29923	13516	
1278327954850	29859	29406	29923	13510	
1278327954951	29836	29520	29984	13523	
1278327955051	29875	29511	29945	13526	
1278327955151	29898	29681	30008	13555	
1278327955251	29811	29548	29935	13532	
1278327955351	29873	29496	29935	13520	
1278327955451	29900	29585	29980	13538	
1278327955551	29840	29519	29984	13524	
1278327955651	29918	29475	29960	13515	
1278327955751	29934	29520	29936	13523	
1278327955852	29904	29506	29937	13528	
1278327955953	29959	29475	29958	13518	
1278327956054	29912	29470	29923	13511	
1278327956154	29943	29464	29952	13513	
1278327956255	29971	29471	29967	13520	
1278327956356	29916	29431	29937	13519	
1278327956456	29952	29441	29923	13498	
1278327956557	29927	29564	29998	13535	
1278327956658	29885	29452	29891	13512	
1278327956758	29873	29377	29895	13491	
1278327956859	29862	29553	29996	13531	
1278327956959	29891	29486	29895	13518	
1278327957060	29873	29372	29863	13492	
1278327957161	29813	29572	29959	13522	
1278327957261	29916	29519	29905	13518	
1278327957362	29843	29400	29868	13496	
1278327957463	29838	29555	29983	13523	
1278327957563	29904	29455	29920	13512	
1278327957664	29895	29407	29894	13499	
1278327957765	29834	29587	29976	13523	
1278327957865	29918	29520	29944	13511	
1278327957966	29839	29425	29880	13495	
1278327958066	29868	29495	29985	13509	
1278327958167	29886	29409	29976	13499	
1278327958267	29831	29464	29839	13498	
1278327958368	29849	29493	29952	13513	
1278327958469	29859	29416	29935	13500	
1278327958570	29779	29533	29884	13520	
1278327958670	29848	29367	29913	13487	
1278327958771	29811	29399	29927	13494	
1278327958871	29854	29589	29952	13520	
1278327958972	29806	29425	29900	13495	
1278327959073	29779	29388	29918	13490	
1278327959174	29903	29496	29966	13497	
1278327959274	29830	29372	29934	13490	
1278327959375	29767	29452	29902	13496	
1278327959476	29894	29470	29902	13501	
1278327959576	29824	29347	29921	13479	
1278327959677	29817	29531	29999	13511	
1278327959777	29857	29422	29907	13500	
1278327959878	29834	29392	29868	13481	
1278327959979	29848	29519	29947	13513	
1278327960079	29905	29454	29927	13496	
1278327960180	29807	29433	29884	13497	
1278327960280	29811	29424	29903	13496	
1278327960381	29949	29391	29923	13486	
1278327960481	29828	29601	29953	13519	
1278327960582	29806	29439	29921	13494	
1278327960682	29891	29420	29934	13496	
1278327960783	29836	29539	29944	13507	
1278327960884	29836	29411	29912	13483	
1278327960984	29815	29496	29934	13497	
1278327961085	29859	29473	29863	13495	
1278327961185	29806	29411	29918	13479	
1278327961286	29828	29457	29919	13483	
1278327961387	29934	29365	29932	13467	
1278327961488	29847	29550	29943	13516	
1278327961588	29775	29516	29900	13502	
1278327961688	29831	29544	29916	13512	
1278327961788	29790	29431	29944	13488	
1278327961888	29832	29523	29885	13507	
1278327961988	29777	29448	29891	13484	
1278327962088	29756	29534	29943	13503	
1278327962188	29871	29425	29884	13479	
1278327962288	29784	29543	29939	13510	
1278327962389	29743	29441	29944	13483	
1278327962489	29811	29420	29911	13480	
1278327962590	29857	29551	29923	13510	
1278327962691	29731	29432	29902	13492	
1278327962791	29783	29528	29934	13497	
1278327962892	29859	29402	29927	13476	
1278327962993	29811	29582	29935	13503	
1278327963093	29736	29457	29904	13482	
1278327963194	29799	29479	29947	13487	
1278327963295	29863	29433	29944	13489	
1278327963396	29756	29587	29937	13511	
1278327963496	29766	29411	29896	13475	
1278327963597	29742	29463	29937	13479	
1278327963698	29872	29532	29967	13501	
1278327963799	29763	29507	29905	13495	
1278327963899	29759	29439	29873	13486	
1278327964000	29776	29501	29960	13497	
1278327964101	29852	29519	29943	13495	
1278327964201	29774	29480	29859	13479	
1278327964302	29806	29470	29904	13486	
1278327964402	29847	29496	29934	13481	
1278327964502	29907	29560	29999	13499	
1278327964602	29881	29608	29964	13503	
1278327964702	29825	29583	29927	13508	
1278327964802	29874	29502	29943	13487	
1278327964902	29895	29592	30010	13512	
1278327965002	29875	29624	29934	13513	
1278327965103	29843	29560	29866	13504	
1278327965203	29881	29544	29966	13499	
1278327965304	29928	29505	29985	13489	
1278327965405	29868	29702	30001	13335	
1278327965506	29793	29452	29903	13480	
1278327965606	29868	29523	29969	13495	
1278327965707	29903	29555	29976	13497	
1278327965808	29862	29584	29967	13491	
1278327965909	29775	29475	29936	13475	
1278327966009	29839	29481	29903	13480	
1278327966110	29902	29603	29976	13502	
1278327966211	29772	29536	29916	13488	
1278327966312	29791	29404	29903	13473	
1278327966412	29807	29489	29902	13475	
1278327966513	29895	29544	29962	13491	
1278327966613	29969	29576	29991	13500	
1278327966713	29895	29664	29998	13513	
1278327966813	29832	29543	29937	13487	
1278327966913	29895	29560	29934	13496	
1278327967014	29937	29534	29987	13494	
1278327967114	29847	29656	29982	13512	
1278327967214	29807	29496	29918	13481	
1278327967315	29862	29520	29952	13488	
1278327967415	29907	29444	29911	13476	
1278327967515	29999	29507	30017	13487	
1278327967615	29966	29567	29968	13495	
1278327967715	29943	29520	29900	13480	
1278327967815	29871	29499	29996	13475	
1278327967915	29937	29518	30000	13486	
1278327968015	29968	29575	29953	13494	
1278327968116	29892	29521	29960	13488	
1278327968217	29912	29552	29960	13483	
1278327968318	29839	29567	29912	13499	
1278327968418	29907	29532	29958	13488	
1278327968519	29969	29606	30035	13502	
1278327968620	29904	29582	29863	13484	
1278327968821	29829	29580	29987	13486	
1278327968922	29905	29535	29911	13492	
1278327969022	29939	29572	29967	13484	
1278327969123	29927	29628	29982	13496	
1278327969224	29884	29537	29891	13487	
1278327969324	29843	29576	29966	13496	
1278327969425	29873	29576	29967	13496	
1278327969526	29864	29457	29952	13465	
1278327969627	29928	29628	30035	13504	
1278327969727	29868	29555	29964	13491	
1278327969828	29849	29487	29895	13470	
1278327969928	29800	29584	29967	13481	
1278327970029	29841	29470	29959	13470	
1278327970130	29817	29487	29943	13476	
1278327970230	29870	29600	30009	13479	
1278327970331	29852	29520	29928	13475	
1278327970432	29813	29506	29895	13478	
1278327970532	29790	29561	29900	13481	
1278327970633	29768	29423	29891	13470	
1278327970733	29832	29473	29907	13462	
1278327970834	29816	29579	29891	13486	
1278327970935	29841	29454	29951	13464	
1278327971035	29884	29495	29949	13469	
1278327971136	29815	29520	29896	13473	
1278327971237	29779	29448	29902	13464	
1278327971337	29776	29484	29934	13468	
1278327971438	29776	29423	29907	13459	
1278327971538	29811	29404	29934	13464	
1278327971639	29836	29474	29969	13463	
1278327971740	29921	29424	29950	13456	
1278327971840	29881	29486	29921	13476	
1278327971941	29799	29468	29932	13465	
1278327972042	29811	29406	29891	13470	
1278327972142	29836	29427	29920	13460	
1278327972243	29850	29507	29976	13467	
1278327972343	29791	29457	29880	13457	
1278327972444	29900	29383	29936	13447	
1278327972544	29799	29464	29964	13465	
1278327972644	29815	29401	29900	13459	
1278327972744	29900	29523	29953	13475	
1278327972844	29828	29502	29932	13468	
1278327972944	29790	29552	29921	13477	
1278327973044	29777	29518	29922	13476	
1278327973144	29735	29368	29855	13449	
1278327973244	29788	29459	29880	13457	
1278327973345	29788	29511	29949	13474	
1278327973446	29779	29480	29967	13464	
1278327973547	29896	29439	29969	13464	
1278327973647	29880	29543	29939	13474	
1278327973748	29772	29451	29928	13459	
1278327973848	29784	29423	29907	13455	
1278327973949	29815	29471	29903	13464	
1278327974050	29774	29415	29944	13458	
1278327974150	29830	29475	29960	13459	
1278327974251	29840	29487	29971	13463	
1278327974351	29824	29411	29936	13455	
1278327974452	29881	29382	29939	13446	
1278327974552	29903	29473	30000	13463	
1278327974653	29932	29475	29945	13463	
1278327974754	29884	29489	29932	13467	
1278327974854	29775	29553	29884	13472	
1278327974955	29827	29488	29902	13464	
1278327975056	29872	29423	29875	13460	
1278327975156	29890	29507	29916	13467	
1278327975257	29821	29444	29927	13452	
1278327975358	29895	29520	29952	13459	
1278327975458	29939	29519	29991	13479	
1278327975559	29952	29487	29939	13462	
1278327975659	29975	29422	29966	13452	
1278327975760	29998	29425	29967	13451	
1278327975861	29992	29415	29947	13454	
1278327975961	30008	29487	29955	13455	
1278327976061	29991	29585	29982	13473	
1278327976162	29923	29532	29959	13468	
1278327976263	29934	29651	29985	13494	
1278327976364	29880	29694	29984	13495	
1278327976464	29868	29603	29928	13479	
1278327976565	29889	29582	29975	13471	
1278327976666	29827	29550	29923	13474	
1278327976766	29832	29491	29921	13457	
1278327976867	29816	29475	29923	13455	
1278327976968	29783	29488	29934	13464	
1278327977068	29806	29491	29944	13462	
1278327977169	29815	29534	29943	13470	
1278327977269	29792	29496	29934	13465	
1278327977370	29807	29537	29948	13465	
1278327977470	29802	29523	29952	13466	
1278327977571	29795	29519	29919	13468	
1278327977672	29815	29468	29959	13456	
1278327977772	29791	29527	29982	13463	
1278327977872	29807	29521	29976	13459	
1278327977972	29811	29496	29935	13459	
1278327978072	29806	29475	29944	13456	
1278327978172	29819	29484	29935	13464	
1278327978272	29806	29505	29904	13459	
1278327978372	29811	29455	29927	13456	
1278327978473	29790	29559	29944	13467	
1278327978573	29831	29520	29966	13465	
1278327978673	29791	29635	30000	13479	
1278327978773	29817	29505	29972	13457	
1278327978873	29811	29560	29966	13468	
1278327978973	29824	29595	30032	13467	
1278327979073	29793	29551	29951	13471	
1278327979174	29817	29519	29968	13468	
1278327979274	29790	29555	29952	13473	
1278327979375	29788	29487	29923	13454	
1278327979475	29875	29551	29923	13478	
1278327979575	29854	29555	29936	13463	
1278327979675	29854	29632	29945	13463	
1278327979775	29855	29551	29923	13460	
1278327979875	29842	29560	29930	13464	
1278327979975	29832	29575	29943	13463	
1278327980075	29836	29523	29885	13463	
1278327980176	29821	29550	29939	13466	
1278327980276	29763	29596	29871	13470	
1278327980377	29809	29519	29921	13468	
1278327980478	29751	29593	29952	13480	
1278327980578	29935	29521	29976	13459	
1278327980678	29912	29551	29970	13470	
1278327980778	29902	29456	29944	13439	
1278327980878	29857	29496	29918	13456	
1278327980978	29806	29507	29887	13455	
1278327981078	29811	29484	29951	13454	
1278327981178	29808	29502	29959	13460	
1278327981278	29827	29502	29955	13464	
1278327981379	29815	29448	29966	13448	
1278327981479	29855	29477	29932	13464	
1278327981580	29816	29399	29857	13441	
1278327981681	29841	29454	29937	13446	
1278327981781	29838	29489	29916	13443	
1278327981882	29873	29440	29894	13436	
1278327981982	29919	29497	29960	13457	
1278327982083	29935	29441	29956	13433	
1278327982183	29951	29459	29902	13449	
1278327982284	29887	29534	29939	13462	
1278327982385	29871	29559	29936	13467	
1278327982485	29980	29510	29921	13446	
1278327982586	29966	29587	30008	13463	
1278327982686	29927	29552	29956	13464	
1278327982787	29934	29507	29976	13448	
1278327982888	29870	29617	29996	13467	
1278327982988	29839	29507	29966	13451	
1278327983089	29811	29484	29919	13450	
1278327983190	29766	29491	29916	13451	
1278327983290	29768	29415	29889	13447	
1278327983391	29816	29481	29907	13447	
1278327983492	29756	29495	29921	13453	
1278327983592	29783	29480	29902	13448	
1278327983693	29891	29420	29902	13438	
1278327983794	29927	29488	29980	13448	
1278327983894	29881	29504	29939	13452	
1278327983995	29840	29463	29905	13447	
1278327984096	29852	29543	29969	13455	
1278327984196	29843	29456	29870	13438	
1278327984297	29912	29447	29921	13431	
1278327984397	29881	29584	29964	13464	
1278327984498	29896	29487	29939	13454	
1278327984598	29868	29489	29960	13451	
1278327984698	29836	29475	29896	13447	
1278327984798	29831	29438	29928	13446	
1278327984898	29847	29464	29902	13448	
1278327984998	29793	29516	29857	13452	
1278327985098	29828	29539	29873	13455	
1278327985198	29941	29502	29943	13455	
1278327985298	29880	29455	29923	13447	
1278327985399	29847	29440	29918	13433	
1278327985499	29819	29436	29879	13444	
1278327985599	29840	29576	29923	13462	
1278327985699	29826	29592	29960	13459	
1278327985799	29980	29431	29937	13439	
1278327985899	29982	29505	30008	13451	
1278327985999	29911	29503	29982	13448	
1278327986100	29958	29431	29983	13439	
1278327986200	29945	29487	29939	13446	
1278327986301	29884	29555	29969	13463	
1278327986401	29923	29576	29958	13464	
1278327986502	30007	29585	29982	13465	
1278327986603	29911	29576	29982	13456	
1278327986704	29918	29579	29976	13459	
1278327986805	29847	29520	29934	13448	
1278327986905	29811	29486	29911	13452	
1278327987006	29791	29560	29896	13464	
1278327987106	29896	29585	29983	13457	
1278327987206	29834	29537	29944	13459	
1278327987306	29815	29464	29934	13433	
1278327987406	29824	29491	29904	13443	
1278327987506	29772	29536	29886	13451	
1278327987607	29891	29452	29959	13433	
1278327987707	29847	29528	29934	13457	
1278327987807	29774	29431	29885	13442	
1278327987907	29747	29518	29895	13454	
1278327988007	29868	29523	29953	13454	
1278327988107	29811	29376	29943	13422	
1278327988207	29873	29506	29991	13452	
1278327988307	29816	29511	29881	13446	
1278327988407	29887	29508	29943	13446	
1278327988507	29801	29444	29879	13440	
1278327988607	29840	29447	29947	13431	
1278327988707	29824	29415	29968	13431	
1278327988807	29764	29475	29872	13439	
1278327988907	29911	29497	29930	13448	
1278327989007	29859	29448	29927	13432	
1278327989108	29859	29584	29918	13456	
1278327989209	29873	29424	29902	13425	
1278327989309	29902	29491	29936	13443	
1278327989410	29971	29516	29958	13448	
1278327989511	30048	29388	29935	13424	
1278327989612	29966	29539	29976	13447	
1278327989712	29832	29519	29975	13446	
1278327989813	29907	29518	29959	13452	
1278327989913	30000	29342	29907	13422	
1278327990013	29970	29502	29994	13442	
1278327990113	29927	29465	29932	13435	
1278327990213	29895	29528	29952	13449	
1278327990313	29959	29587	29980	13465	
1278327990413	29935	29585	29967	13457	
1278327990513	29907	29562	29943	13454	
1278327990613	29859	29548	29975	13456	
1278327990714	29824	29632	29928	13463	
1278327990814	29872	29551	29920	13455	
1278327990915	29875	29487	29964	13448	
1278327991016	29811	29496	29870	13439	
1278327991116	29816	29447	29945	13439	
1278327991217	29777	29406	29935	13432	
1278327991317	29790	29491	29896	13443	
1278327991418	29912	29480	29891	13438	
1278327991519	29891	29480	29918	13441	
1278327991619	29903	29489	29932	13435	
1278327991720	29936	29431	29927	13435	
1278327991821	29964	29455	29941	13444	
1278327991921	29911	29629	29918	13465	
1278327992022	29926	29555	29928	13443	
1278327992122	29912	29583	29987	13455	
1278327992223	29872	29551	29943	13454	
1278327992323	29789	29447	29843	13430	
1278327992424	29755	29518	29907	13448	
1278327992525	29847	29431	29941	13431	
1278327992625	29921	29406	29943	13428	
1278327992726	29817	29510	29911	13444	
1278327992826	29832	29447	29921	13440	
1278327992927	29905	29487	29927	13448	
1278327993028	29831	29537	29900	13449	
1278327993128	30001	29484	29959	13444	
1278327993229	29982	29425	29952	13427	
1278327993330	29962	29521	29912	13435	
1278327993430	29885	29550	30003	13452	
1278327993531	29868	29519	29921	13446	
1278327993631	29857	29580	29903	13444	
1278327993732	29880	29600	29980	13449	
1278327993832	29839	29441	29917	13425	
1278327993933	29815	29520	29956	13436	
1278327994134	29838	29392	29944	13415	
1278327994235	29793	29500	29891	13440	
1278327994335	29854	29511	29859	13443	
1278327994436	29943	29464	29935	13425	
1278327994537	29905	29486	29959	13444	
1278327994637	29919	29479	29921	13431	
1278327994738	29923	29420	29967	13432	
1278327994838	29918	29570	29911	13442	
1278327994939	29932	29619	29928	13461	
1278327995040	29943	29520	29944	13436	
1278327995140	29889	29576	29991	13452	
1278327995241	29832	29519	29905	13442	
1278327995342	29785	29485	29905	13439	
1278327995443	29728	29435	29918	13431	
1278327995544	29849	29489	29932	13434	
1278327995644	29943	29440	29930	13424	
1278327995745	29834	29475	29912	13427	
1278327995846	29857	29487	29903	13439	
1278327995947	29952	29415	29953	13423	
1278327996048	29923	29528	29934	13439	
1278327996148	29966	29491	29944	13435	
1278327996249	30012	29507	29987	13431	
1278327996350	29939	29548	29942	13448	
1278327996451	29873	29580	29943	13448	
1278327996552	29767	29520	29935	13433	
1278327996652	29779	29534	29913	13438	
1278327996753	29854	29491	29912	13431	
1278327996854	29852	29431	29952	13426	
1278327996955	29856	29422	29943	13430	
1278327997055	29843	29375	29935	13424	
1278327997156	29821	29514	29907	13440	
1278327997257	29795	29535	29900	13441	
1278327997358	29992	29483	29936	13438	
1278327997458	29944	29511	29955	13438	
1278327997559	29976	29486	29943	13423	
1278327997660	29904	29454	29975	13422	
1278327997761	29888	29616	29956	13439	
1278327997861	29907	29612	29943	13452	
1278327997962	29937	29516	29975	13440	
1278327998063	29916	29606	30001	13452	
1278327998164	29819	29521	29960	13435	
1278327998265	29793	29454	29863	13423	
1278327998366	29808	29549	29903	13448	
1278327998466	29889	29390	29939	13416	
1278327998567	29856	29468	29935	13424	
1278327998668	29807	29417	29900	13424	
1278327998768	29861	29438	29937	13428	
1278327998869	29868	29607	29937	13447	
1278327998970	29996	29395	29920	13415	
1278327999071	29999	29454	29967	13423	
1278327999172	29952	29561	29980	13449	
1278327999272	29900	29475	29912	13424	
1278327999373	29843	29616	29982	13449	
1278327999474	29859	29568	29935	13436	
1278327999574	29881	29498	29911	13438	
1278327999675	29795	29502	29927	13436	
1278327999776	29836	29462	29969	13423	
1278327999877	29825	29406	29936	13420	
1278327999977	29776	29548	29847	13444	
1278328000078	29880	29479	29921	13431	
1278328000179	29998	29431	30008	13427	
1278328000280	29967	29541	29964	13427	
1278328000381	29919	29425	29952	13419	
1278328000481	29912	29551	29987	13444	
1278328000582	29836	29671	29907	13463	
1278328000683	29891	29580	29959	13448	
1278328000784	29847	29440	29918	13417	
1278328000885	29811	29532	29935	13436	
1278328000985	29832	29447	29923	13415	
1278328001086	29852	29424	29905	13414	
1278328001187	29793	29583	29925	13448	
1278328001288	29889	29488	29935	13422	
1278328001389	30032	29452	29955	13420	
1278328001489	29964	29507	29969	13423	
1278328001590	29921	29496	29967	13432	
1278328001691	29900	29511	29937	13431	
1278328001792	29854	29639	29945	13454	
1278328001892	29868	29575	29953	13441	
1278328001993	29856	29454	29895	13428	
1278328002094	29848	29455	29939	13422	
1278328002195	29852	29446	29936	13422	
1278328002295	29815	29432	29902	13424	
1278328002396	29795	29464	29902	13425	
1278328002497	29896	29575	29955	13447	
1278328002597	30024	29450	29971	13422	
1278328002698	29996	29439	29976	13423	
1278328002799	29932	29555	29945	13442	
1278328002900	29873	29592	29956	13448	
1278328003001	29830	29537	29960	13439	
1278328003101	29876	29539	29925	13439	
1278328003202	29875	29502	29923	13428	
1278328003303	29815	29459	29932	13424	
1278328003404	29809	29384	29934	13416	
1278328003504	29819	29432	29935	13420	
1278328003605	29824	29648	29916	13456	
1278328003706	29927	29432	29888	13417	
1278328003807	30028	29415	29985	13415	
1278328003908	29958	29555	29976	13443	
1278328004009	29824	29571	29944	13435	
1278328004110	29884	29544	29951	13430	
1278328004211	29880	29615	29947	13446	
1278328004311	29870	29504	29896	13427	
1278328004412	29830	29489	29960	13415	
1278328004513	29824	29448	29998	13407	
1278328004613	29884	29565	29918	13443	
1278328004713	29815	29532	29902	13436	
1278328004813	29799	29441	29932	13411	
1278328004913	29823	29391	29971	13416	
1278328005013	29774	29510	29872	13428	
1278328005114	29843	29500	29854	13432	
1278328005215	29928	29487	29947	13432	
1278328005316	29923	29532	29952	13424	
1278328005417	29914	29393	29918	13409	
1278328005518	29935	29499	29952	13435	
1278328005618	29895	29560	29952	13437	
1278328005719	29996	29475	30000	13423	
1278328005820	29936	29647	29987	13455	
1278328005921	29809	29486	29893	13422	
1278328006022	29779	29532	29903	13432	
1278328006123	29848	29539	29960	13431	
1278328006224	29905	29431	29937	13423	
1278328006325	29852	29439	29952	13427	
1278328006426	29843	29452	29943	13416	
1278328006526	29808	29444	29859	13407	
1278328006627	29884	29632	29985	13442	
1278328006728	29996	29383	29947	13398	
1278328006829	29982	29468	29967	13416	
1278328006930	29951	29596	29982	13448	
1278328007031	29873	29510	29895	13422	
1278328007132	29811	29560	29935	13432	
1278328007233	29883	29596	29957	13436	
1278328007334	29841	29456	29905	13399	
1278328007435	29852	29469	29923	13415	
1278328007536	29830	29459	29952	13415	
1278328007636	29836	29399	29885	13414	
1278328007737	29868	29591	29945	13431	
1278328007838	30020	29411	29936	13411	
1278328007939	29985	29452	29971	13416	
1278328008040	29937	29599	29985	13442	
1278328008141	29820	29543	29921	13431	
1278328008242	29824	29544	29902	13433	
1278328008343	29859	29548	29927	13432	
1278328008444	29880	29383	29937	13398	
1278328008544	29752	29456	29905	13413	
1278328008644	29783	29457	29932	13409	
1278328008744	29841	29518	29894	13428	
1278328008844	29894	29504	29855	13419	
1278328008944	29896	29431	29939	13410	
1278328009044	29964	29511	30000	13423	
1278328009145	29885	29457	29932	13418	
1278328009246	29908	29576	29982	13433	
1278328009347	29804	29587	29944	13431	
1278328009448	29888	29520	29916	13419	
1278328009549	29843	29470	29927	13420	
1278328009650	29831	29425	29916	13411	
1278328009750	29811	29440	29952	13408	
1278328009851	29902	29459	29944	13415	
1278328009952	29932	29537	29916	13427	
1278328010053	30003	29470	29935	13428	
1278328010154	29918	29552	29932	13427	
1278328010254	29895	29584	29982	13433	
1278328010355	29784	29519	29923	13423	
1278328010456	29747	29406	29887	13409	
1278328010557	29894	29544	29967	13425	
1278328010658	29873	29391	29879	13412	
1278328010759	29864	29534	29951	13428	
1278328010860	29891	29468	29935	13420	
1278328010961	29971	29404	29935	13406	
1278328011061	29875	29656	29926	13448	
1278328011162	29919	29505	29912	13417	
1278328011364	29839	29511	29916	13419	
1278328011464	29795	29470	29927	13412	
1278328011564	29912	29543	29953	13423	
1278328011664	29816	29582	29927	13436	
1278328011764	29839	29459	29936	13411	
1278328011864	29815	29440	29958	13406	
1278328011964	29756	29469	29843	13415	
1278328012065	29907	29584	29950	13432	
1278328012166	29992	29407	29975	13405	
1278328012267	29992	29486	29971	13414	
1278328012367	29881	29568	29967	13423	
1278328012468	29920	29532	29895	13421	
1278328012569	29873	29628	29966	13448	
1278328012670	29871	29507	29904	13411	
1278328012771	29839	29520	29944	13419	
1278328012872	29798	29454	29981	13416	
1278328012972	29813	29400	29934	13407	
1278328013073	29795	29500	29888	13424	
1278328013174	29872	29551	29873	13438	
1278328013275	29905	29468	29927	13416	
1278328013375	29955	29532	29980	13423	
1278328013476	29939	29400	29919	13402	
1278328013577	29935	29521	29932	13427	
1278328013677	29918	29543	29945	13431	
1278328013778	29951	29572	29959	13432	
1278328013878	29880	29582	29969	13431	
1278328013979	29804	29489	29964	13411	
1278328014080	29836	29555	29913	13431	
1278328014180	29879	29489	29903	13417	
1278328014281	29816	29473	29922	13414	
1278328014381	29839	29395	29964	13408	
1278328014482	29823	29436	29955	13410	
1278328014583	29788	29553	29885	13431	
1278328014683	29932	29491	29928	13415	
1278328014784	29911	29537	29964	13432	
1278328014885	29936	29454	29895	13420	
1278328014985	29934	29475	29960	13415	
1278328015086	29902	29459	29928	13415	
1278328015186	29919	29521	29948	13426	
1278328015286	29956	29479	29937	13415	
1278328015386	29907	29444	29964	13412	
1278328015486	29889	29518	29927	13423	
1278328015586	29911	29692	29998	13449	
1278328015686	29911	29521	29956	13424	
1278328015786	29928	29551	29968	13427	
1278328015887	29863	29592	29966	13435	
1278328015987	29854	29644	29967	13448	
1278328016087	29932	29601	29993	13431	
1278328016187	29847	29489	29868	13417	
1278328016287	29843	29540	29926	13424	
1278328016387	29740	29409	29937	13405	
1278328016487	29799	29416	29930	13406	
1278328016587	29799	29456	29870	13401	
1278328016687	29841	29519	29967	13428	
1278328016787	29774	29411	29905	13399	
1278328016887	29816	29447	29905	13414	
1278328016987	29836	29554	29936	13419	
1278328017087	29923	29452	29935	13408	
1278328017187	29832	29383	29920	13406	
1278328017287	29816	29463	29835	13406	
1278328017387	29864	29555	29945	13430	
1278328017487	29986	29497	29982	13417	
1278328017587	29982	29435	29918	13399	
1278328017687	29936	29498	30019	13422	
1278328017788	29884	29536	29939	13415	
1278328017889	29916	29639	29923	13446	
1278328017989	29900	29532	29987	13432	
1278328018090	29864	29551	29939	13423	
1278328018190	29792	29489	29916	13419	
1278328018291	29784	29455	29920	13415	
1278328018392	29816	29487	29907	13422	
1278328018493	29903	29425	29948	13403	
1278328018594	29856	29624	29966	13435	
1278328018694	29857	29406	29895	13404	
1278328018795	29924	29456	29934	13409	
1278328018896	29966	29520	29964	13417	
1278328018996	30013	29454	29951	13414	
1278328019097	29935	29559	30012	13425	
1278328019198	29854	29565	29980	13433	
1278328019298	29855	29552	29936	13419	
1278328019399	29868	29595	29912	13431	
1278328019500	29825	29486	29927	13416	
1278328019600	29840	29470	29927	13416	
1278328019701	29807	29432	29983	13409	
1278328019802	29795	29440	29890	13404	
1278328019902	29881	29478	29920	13416	
1278328020002	29819	29503	29947	13428	
1278328020102	29836	29383	29969	13391	
1278328020202	29795	29532	29915	13418	
1278328020302	29888	29500	29879	13420	
1278328020403	29943	29464	29982	13409	
1278328020503	29934	29488	29968	13403	
1278328020603	29840	29607	29905	13423	
1278328020703	29966	29473	29932	13410	
1278328020803	29928	29455	29987	13414	
1278328020903	29939	29436	29948	13407	
1278328021003	29923	29496	29935	13418	
1278328021103	29923	29615	29944	13438	
1278328021203	29891	29512	29928	13414	
1278328021303	29887	29583	29971	13438	
1278328021404	29743	29495	29902	13411	
1278328021505	29775	29491	29868	13411	
1278328021605	29864	29489	29969	13411	
1278328021706	29887	29390	29939	13390	
1278328021807	29870	29587	29944	13427	
1278328021907	29884	29443	29888	13405	
1278328022008	29930	29427	29918	13399	
1278328022109	29937	29550	29951	13423	
1278328022209	29967	29555	29969	13425	
1278328022310	29918	29591	29992	13427	
1278328022511	29806	29459	29912	13399	
1278328022612	29777	29516	29879	13416	
1278328022712	29939	29388	29934	13400	
1278328022813	29827	29440	29966	13401	
1278328022913	29836	29439	29873	13415	
1278328023014	29905	29516	29975	13412	
1278328023115	29937	29406	29923	13398	
1278328023215	29969	29534	29959	13416	
1278328023316	29935	29553	29932	13411	
1278328023416	29943	29560	29978	13424	
1278328023517	29824	29553	30028	13417	
1278328023618	29799	29456	29882	13401	
1278328023718	29815	29528	29903	13416	
1278328023819	29904	29358	29923	13388	
1278328023919	29873	29455	29975	13396	
1278328024020	29804	29495	29872	13411	
1278328024120	29903	29489	29934	13417	
1278328024221	29895	29496	29956	13411	
1278328024322	30044	29406	29939	13402	
1278328024422	29963	29580	30016	13426	
1278328024523	29895	29521	29918	13411	
1278328024623	29868	29536	29968	13415	
1278328024724	29811	29560	29888	13424	
1278328024825	29902	29505	29968	13403	
1278328024926	29854	29379	29952	13383	
1278328025027	29821	29470	29911	13404	
1278328025128	29884	29479	29939	13412	
1278328025228	29907	29500	29912	13408	
1278328025329	30000	29454	29991	13404	
1278328025429	29943	29528	29966	13419	
1278328025530	29875	29580	29964	13428	
1278328025631	29863	29552	29932	13416	
1278328025731	29912	29575	29943	13421	
1278328025831	29907	29628	29966	13433	
1278328025931	29855	29539	29960	13415	
1278328026031	29831	29567	29900	13425	
1278328026131	29859	29516	29935	13412	
1278328026231	29848	29436	29923	13406	
1278328026332	29830	29457	29980	13401	
1278328026432	29875	29532	29903	13424	
1278328026532	29840	29432	29948	13400	
1278328026632	29830	29437	29896	13400	
1278328026732	29870	29539	29985	13415	
1278328026832	29918	29392	29952	13387	
1278328026933	29980	29591	29985	13431	
1278328027034	29984	29457	29918	13393	
1278328027134	29923	29592	30014	13424	
1278328027235	29828	29543	29936	13415	
1278328027336	29809	29574	29911	13423	
1278328027436	29836	29527	29921	13414	
1278328027537	29889	29400	29959	13396	
1278328027637	29788	29510	29904	13406	
1278328027737	29731	29484	29903	13400	
1278328027837	29886	29489	29952	13407	
1278328027938	29870	29443	29928	13397	
1278328028038	29840	29548	29895	13412	
1278328028138	29843	29454	29951	13392	
1278328028238	29932	29495	29925	13407	
1278328028339	29984	29500	29927	13404	
1278328028439	29998	29504	29968	13408	
1278328028540	29932	29555	29984	13427	
1278328028641	29855	29635	30032	13435	
1278328028742	29848	29455	29891	13406	
1278328028843	29784	29538	29906	13414	
1278328028944	29855	29409	29964	13400	
1278328029044	29887	29439	29969	13399	
1278328029145	29872	29550	29875	13422	
1278328029246	29884	29463	29904	13399	
1278328029347	29934	29443	29983	13395	
1278328029448	29930	29601	29976	13425	
1278328029549	29966	29531	29928	13409	
1278328029650	29885	29596	29991	13423	
1278328029750	29836	29520	29937	13409	
1278328029851	29790	29447	29944	13391	
1278328029952	29783	29455	29879	13406	
1278328030053	29854	29521	29918	13409	
1278328030154	29916	29479	29951	13409	
1278328030254	29945	29478	29927	13406	
1278328030355	29959	29489	29980	13401	
1278328030557	29831	29500	29903	13405	
1278328030658	29868	29623	29945	13429	
1278328030759	29857	29516	29903	13416	
1278328030859	29841	29391	29911	13396	
1278328030960	29831	29471	29966	13409	
1278328031061	29811	29452	29888	13400	
1278328031162	29891	29480	29894	13408	
1278328031263	29936	29528	29934	13412	
1278328031363	29923	29455	29967	13400	
1278328031464	29943	29519	29975	13420	
1278328031565	29863	29617	30012	13425	
1278328031666	29811	29424	29862	13400	
1278328031767	29764	29489	29919	13411	
1278328031867	29836	29447	29881	13399	
1278328031968	29913	29487	29911	13414	
1278328032068	29832	29378	29919	13379	
1278328032168	29767	29501	29870	13411	
1278328032268	29891	29464	29870	13400	
1278328032368	29836	29539	29945	13414	
1278328032468	29880	29481	29907	13399	
1278328032568	29870	29491	29976	13395	
1278328032669	29863	29480	29896	13400	
1278328032769	29831	29470	29975	13400	
1278328032870	29832	29571	29971	13414	
1278328032971	29859	29535	29959	13420	
1278328033072	29952	29454	29907	13398	
1278328033173	29918	29459	29960	13399	
1278328033274	29934	29459	29945	13383	
1278328033374	29856	29520	29902	13401	
1278328033475	29854	29499	29976	13399	
1278328033576	29883	29519	29971	13406	
1278328033677	29871	29521	29956	13409	
1278328033777	29896	29543	29941	13411	
1278328033877	29900	29507	29952	13412	
1278328033977	29870	29511	29952	13411	
1278328034077	29875	29484	29918	13400	
1278328034177	29875	29496	29934	13402	
1278328034277	29889	29500	29935	13404	
1278328034378	29884	29511	29941	13406	
1278328034479	29863	29497	29934	13408	
1278328034579	29881	29512	29937	13408	
1278328034680	29885	29516	29923	13412	
1278328034781	29902	29505	29944	13410	
1278328034882	29878	29489	29934	13401	
1278328034983	29880	29486	29937	13406	
1278328035083	29875	29500	29935	13404	
1278328035184	29880	29511	29923	13411	
1278328035285	29871	29525	29948	13419	
1278328035386	29871	29491	29952	13409	
1278328035487	29881	29471	29927	13406	
1278328035587	29879	29488	29932	13403	
1278328035687	29884	29507	29944	13415	
1278328035787	29884	29518	29937	13414	
1278328035887	29884	29511	29945	13414	
1278328035987	29875	29496	29926	13416	
1278328036088	29875	29496	29934	13406	
1278328036189	29880	29504	29936	13405	
1278328036289	29871	29506	29935	13413	
1278328036389	29870	29501	29934	13414	
1278328036489	29871	29503	29948	13417	
1278328036589	29871	29508	29937	13414	
1278328036689	29880	29505	29937	13413	
1278328036790	29873	29500	29927	13416	
1278328036890	29882	29505	29952	13409	
1278328036990	29880	29505	29929	13411	
1278328037090	29875	29502	29935	13416	
1278328037190	29873	29508	29939	13414	
1278328037290	29881	29504	29939	13414	
1278328037391	29890	29507	29952	13415	
1278328037491	29884	29505	29937	13414	
1278328037592	29884	29507	29937	13414	
1278328037693	29875	29502	29927	13422	
1278328037794	29873	29502	29927	13420	
1278328037895	29884	29507	29937	13415	
1278328037996	29885	29506	29927	13422	
1278328038096	29875	29496	29934	13416	
1278328038197	29880	29501	29939	13422	
1278328038297	29875	29500	29927	13420	
1278328038397	29880	29505	29939	13407	
1278328038497	29871	29507	29934	13415	
1278328038597	29884	29495	29937	13415	
1278328038697	29863	29500	29934	13417	
1278328038797	29884	29507	29937	13415	
1278328038897	29881	29497	29935	13424	
1278328038998	29875	29500	29935	13420	
1278328039098	29873	29506	29927	13420	
1278328039198	29884	29508	29937	13415	
1278328039298	29880	29507	29944	13415	
1278328039398	29870	29497	29944	13419	
1278328039498	29880	29511	29927	13423	
1278328039598	29870	29507	29944	13419	
1278328039698	29875	29500	29934	13424	
1278328039799	29884	29511	29937	13423	
1278328039900	29873	29511	29937	13423	
1278328040001	29885	29487	29939	13428	
1278328040102	29886	29507	29944	13431	
1278328040202	29875	29500	29934	13424	
1278328040303	29873	29502	29937	13423	
1278328040404	29875	29500	29927	13422	
1278328040504	29884	29510	29936	13423	
1278328040605	29863	29497	29934	13425	
1278328040706	29883	29502	29939	13430	
1278328040807	29884	29507	29937	13423	
1278328040907	29880	29507	29923	13423	
1278328041008	29884	29507	29937	13422	
1278328041108	29873	29487	29939	13420	
1278328041209	29870	29497	29936	13427	
1278328041310	29884	29506	29937	13423	
1278328041410	29873	29504	29939	13420	
1278328041511	29871	29497	29932	13425	
1278328041611	29884	29504	29937	13415	
1278328041711	29877	29496	29946	13424	
1278328041811	29879	29497	29935	13424	
1278328041911	29871	29497	29934	13425	
1278328042012	29875	29502	29935	13428	
1278328042113	29880	29508	29937	13423	
1278328042214	29880	29502	29927	13430	
1278328042314	29873	29500	29934	13424	
1278328042415	29881	29504	29937	13430	
1278328042516	29871	29497	29934	13432	
1278328042617	29880	29505	29937	13423	
1278328042717	29884	29507	29937	13423	
1278328042818	29880	29511	29937	13423	
1278328042919	29879	29500	29935	13425	
1278328043019	29871	29504	29952	13426	
1278328043120	29880	29507	29937	13430	
1278328043220	29879	29500	29935	13425	
1278328043321	29888	29500	29934	13428	
1278328043421	29877	29496	29934	13432	
1278328043522	29870	29497	29940	13424	
1278328043623	29883	29500	29939	13423	
1278328043723	29884	29503	29939	13430	
1278328043824	29863	29499	29934	13425	
1278328043924	29871	29496	29935	13432	
1278328044025	29875	29500	29934	13432	
1278328044126	29884	29505	29944	13426	
1278328044226	29886	29491	29936	13427	
1278328044326	29884	29507	29945	13431	
1278328044426	29873	29506	29927	13422	
1278328044526	29886	29507	29944	13427	
1278328044627	29875	29500	29935	13440	
1278328044727	29871	29491	29944	13427	
1278328044828	29884	29491	29936	13434	
1278328044929	29875	29500	29935	13432	
1278328045029	29871	29507	29944	13431	
1278328045130	29884	29504	29937	13429	
1278328045230	29871	29509	29937	13427	
1278328045331	29872	29500	29935	13436	
1278328045432	29884	29507	29937	13431	
1278328045533	29881	29509	29923	13431	
1278328045634	29880	29511	29937	13431	
1278328045735	29871	29495	29935	13427	
1278328045835	29884	29507	29936	13431	
1278328045936	29881	29510	29923	13430	
1278328046036	29863	29500	29934	13437	
1278328046136	29875	29500	29934	13436	
1278328046236	29871	29491	29936	13432	
1278328046336	29884	29506	29937	13429	
1278328046437	29871	29497	29934	13433	
1278328046537	29881	29504	29937	13430	
1278328046637	29871	29497	29934	13435	
1278328046737	29870	29501	29944	13435	
1278328046837	29871	29497	29932	13433	
1278328046937	29875	29500	29935	13436	
1278328047037	29880	29505	29945	13431	
1278328047237	29877	29500	29934	13433	
1278328047337	29880	29495	29936	13443	
1278328047437	29881	29487	29927	13446	
1278328047537	29863	29500	29932	13437	
1278328047637	29884	29511	29937	13438	
1278328047737	29881	29508	29937	13431	
1278328047837	29863	29496	29934	13425	
1278328047938	29885	29504	29939	13436	
1278328048039	29875	29500	29928	13440	
1278328048139	29884	29505	29937	13431	
1278328048240	29892	29507	29960	13443	
1278328048341	29875	29500	29934	13436	
1278328048442	29884	29507	29936	13436	
1278328048542	29880	29505	29939	13440	
1278328048643	29875	29500	29935	13436	
1278328048744	29879	29500	29926	13436	
1278328048845	29873	29502	29927	13440	
1278328048946	29871	29495	29952	13435	
1278328049046	29871	29499	29948	13437	
1278328049147	29873	29500	29935	13444	
1278328049247	29873	29504	29927	13444	
1278328049348	29871	29497	29940	13439	
1278328049449	29870	29507	29944	13435	
1278328049549	29884	29491	29944	13440	
1278328049650	29870	29493	29944	13435	
1278328049750	29875	29496	29934	13436	
1278328049850	29863	29503	29934	13448	
1278328049950	29884	29504	29937	13431	
1278328050050	29880	29505	29937	13438	
1278328050150	29880	29510	29927	13440	
1278328050250	29875	29500	29935	13444	
1278328050351	29870	29507	29936	13435	
1278328050451	29870	29497	29932	13439	
1278328050552	29884	29509	29937	13447	
1278328050653	29884	29507	29952	13439	
1278328050754	29870	29497	29944	13439	
1278328050855	29873	29496	29935	13448	
1278328050955	29884	29495	29937	13443	
1278328051056	29868	29493	29935	13441	
1278328051157	29879	29496	29934	13435	
1278328051258	29879	29496	29934	13439	
1278328051359	29875	29500	29934	13436	
1278328051460	29863	29496	29934	13437	
1278328051560	29878	29496	29934	13441	
1278328051661	29875	29502	29935	13444	
1278328051761	29879	29496	29934	13439	
1278328051862	29863	29496	29934	13437	
1278328051962	29871	29499	29932	13439	
1278328052063	29871	29497	29935	13439	
1278328052164	29873	29506	29927	13448	
1278328052264	29880	29506	29944	13447	
1278328052365	29873	29487	29939	13444	
1278328052465	29879	29496	29934	13443	
1278328052566	29875	29500	29934	13448	
1278328052667	29884	29511	29944	13447	
1278328052768	29882	29495	29944	13443	
1278328052868	29884	29507	29937	13447	
1278328052968	29873	29504	29937	13444	
1278328053068	29875	29500	29935	13448	
1278328053168	29871	29497	29932	13449	
1278328053268	29863	29500	29935	13452	
1278328053369	29886	29506	29939	13447	
1278328053469	29875	29502	29927	13444	
1278328053569	29880	29507	29939	13449	
1278328053669	29884	29510	29937	13446	
1278328053769	29871	29497	29940	13448	
1278328053869	29879	29500	29934	13448	
1278328053969	29871	29504	29944	13447	
1278328054069	29888	29495	29944	13443	
1278328054169	29881	29508	29939	13446	
1278328054269	29879	29500	29934	13448	
1278328054369	29870	29501	29944	13451	
1278328054469	29873	29500	29927	13452	
1278328054569	29871	29496	29952	13449	
1278328054669	29873	29502	29927	13452	
1278328054770	29871	29496	29935	13449	
1278328054870	29863	29497	29934	13457	
1278328054970	29886	29505	29952	13456	
1278328055071	29880	29510	29936	13447	
1278328055172	29871	29496	29934	13449	
1278328055273	29870	29491	29952	13451	
1278328055374	29873	29498	29927	13454	
1278328055474	29875	29500	29923	13447	
1278328055575	29880	29507	29936	13447	
1278328055676	29877	29500	29935	13456	
1278328055777	29884	29505	29937	13453	
1278328055878	29871	29497	29932	13456	
1278328055978	29887	29506	29938	13446	
1278328056079	29880	29503	29937	13454	
1278328056180	29888	29507	29936	13443	
1278328056281	29863	29500	29934	13456	
1278328056381	29873	29487	29935	13464	
1278328056482	29870	29497	29932	13451	
1278328056583	29884	29495	29937	13455	
1278328056684	29884	29507	29937	13455	
1278328056785	29873	29508	29937	13454	
1278328056886	29881	29506	29939	13454	
1278328056986	29879	29496	29935	13456	
1278328057087	29870	29497	29934	13457	
1278328057188	29875	29500	29927	13454	
1278328057289	29884	29495	29944	13451	
1278328057390	29884	29505	29952	13443	
1278328057491	29875	29500	29927	13455	
1278328057591	29872	29487	29935	13468	
1278328057693	29875	29500	29935	13460	
1278328057793	29873	29504	29927	13454	
1278328057894	29875	29487	29927	13456	
1278328057994	29884	29504	29921	13454	
1278328058095	29873	29496	29935	13456	
1278328058196	29880	29504	29937	13455	
1278328058297	29886	29505	29944	13460	
1278328058398	29884	29507	29937	13459	
1278328058498	29875	29496	29934	13456	
1278328058599	29880	29504	29936	13447	
1278328058700	29871	29496	29932	13457	
1278328058902	29884	29507	29937	13455	
1278328059002	29870	29497	29932	13457	
1278328059103	29875	29500	29935	13457	
1278328059204	29880	29505	29923	13455	
1278328059405	29880	29504	29937	13455	
1278328059506	29884	29504	29938	13454	
1278328059606	29880	29509	29927	13455	
1278328059707	29878	29496	29934	13464	
1278328059808	29879	29500	29932	13464	
1278328059909	29873	29504	29927	13452	
1278328060009	29884	29504	29937	13455	
1278328060110	29873	29506	29927	13464	
1278328060211	29880	29504	29936	13463	
1278328060311	29884	29507	29937	13463	
1278328060411	29884	29507	29944	13462	
1278328060511	29873	29502	29936	13470	
1278328060611	29880	29506	29937	13455	
1278328060711	29884	29495	29923	13463	
1278328060812	29873	29500	29935	13464	
1278328060912	29880	29504	29937	13455	
1278328061013	29870	29504	29944	13459	
1278328061114	29873	29495	29944	13459	
1278328061215	29863	29502	29935	13468	
1278328061315	29884	29511	29937	13471	
1278328061416	29863	29496	29934	13465	
1278328061517	29884	29508	29939	13455	
1278328061618	29871	29499	29952	13465	
1278328061718	29871	29497	29934	13457	
1278328061819	29881	29505	29939	13462	
1278328061920	29870	29489	29944	13457	
1278328062021	29881	29502	29923	13468	
1278328062122	29871	29496	29935	13461	
1278328062223	29886	29504	29944	13456	
1278328062323	29879	29496	29934	13465	
1278328062424	29873	29487	29927	13470	
1278328062525	29875	29500	29935	13468	
1278328062626	29873	29500	29935	13455	
1278328062727	29870	29497	29948	13459	
1278328062828	29875	29496	29926	13457	
1278328062929	29859	29500	29929	13468	
1278328063029	29871	29491	29944	13459	
1278328063130	29873	29500	29927	13460	
1278328063231	29875	29500	29935	13470	
1278328063332	29880	29497	29932	13465	
1278328063432	29880	29495	29927	13463	
1278328063533	29873	29487	29935	13468	
1278328063634	29884	29495	29937	13463	
1278328063735	29880	29507	29937	13463	
1278328063836	29880	29511	29937	13463	
1278328063937	29880	29507	29939	13470	
1278328064038	29873	29487	29935	13470	
1278328064139	29879	29500	29934	13470	
1278328064240	29879	29496	29948	13464	
1278328064341	29873	29504	29927	13462	
1278328064441	29871	29497	29932	13469	
1278328064542	29886	29505	29944	13472	
1278328064643	29871	29505	29937	13477	
1278328064744	29875	29505	29927	13466	
1278328064845	29873	29510	29927	13470	
1278328064945	29863	29496	29934	13465	
1278328065046	29871	29496	29934	13464	
1278328065147	29875	29487	29935	13469	
1278328065248	29880	29508	29939	13463	
1278328065348	29870	29493	29948	13465	
1278328065449	29863	29496	29934	13464	
1278328065550	29873	29500	29935	13464	
1278328065651	29873	29506	29939	13470	
1278328065752	29875	29497	29935	13472	
1278328065853	29879	29496	29934	13474	
1278328066054	29871	29496	29934	13465	
1278328066155	29881	29510	29943	13478	
1278328066256	29871	29501	29934	13467	
1278328066356	29873	29504	29927	13462	
1278328066457	29873	29500	29932	13471	
1278328066558	29870	29491	29952	13467	
1278328066659	29886	29507	29944	13475	
1278328066759	29880	29491	29937	13476	
1278328066860	29873	29502	29939	13470	
1278328066961	29873	29500	29935	13476	
1278328067061	29873	29500	29935	13476	
1278328067162	29881	29502	29938	13478	
1278328067262	29873	29506	29936	13478	
1278328067363	29863	29496	29934	13472	
1278328067464	29870	29497	29934	13473	
1278328067565	29884	29505	29937	13478	
1278328067665	29875	29496	29935	13480	
1278328067766	29871	29496	29934	13481	
1278328067866	29884	29505	29944	13467	
1278328067967	29881	29507	29938	13478	
1278328068068	29884	29504	29937	13471	
1278328068168	29875	29502	29923	13478	
1278328068269	29875	29500	29923	13476	
1278328068370	29880	29505	29937	13463	
1278328068471	29880	29503	29937	13471	
1278328068571	29884	29495	29945	13475	
1278328068672	29875	29500	29935	13470	
1278328068773	29872	29512	29935	13470	
1278328068874	29873	29500	29935	13480	
1278328068974	29863	29496	29934	13473	
1278328069075	29871	29496	29952	13488	
1278328069176	29871	29500	29934	13488	
1278328069276	29868	29497	29932	13473	
1278328069377	29884	29505	29944	13479	
1278328069478	29877	29496	29938	13464	
1278328069579	29863	29496	29934	13480	
1278328069679	29880	29503	29937	13478	
1278328069780	29873	29500	29927	13480	
1278328069881	29873	29500	29935	13480	
1278328069982	29884	29505	29937	13472	
1278328070082	29873	29500	29934	13480	
1278328070183	29875	29496	29934	13475	
1278328070283	29880	29507	29937	13476	
1278328070384	29873	29487	29935	13484	
1278328070485	29880	29495	29937	13477	
1278328070586	29863	29500	29932	13480	
1278328070686	29863	29505	29934	13479	
1278328070787	29873	29487	29927	13486	
1278328070888	29871	29496	29934	13481	
1278328070988	29872	29500	29932	13488	
1278328071088	29870	29505	29936	13475	
1278328071188	29881	29505	29936	13478	
1278328071288	29871	29491	29936	13483	
1278328071388	29873	29487	29927	13482	
1278328071488	29873	29507	29945	13479	
1278328071589	29884	29507	29936	13479	
1278328071690	29870	29497	29932	13481	
1278328071790	29870	29497	29932	13481	
1278328071891	29873	29510	29937	13478	
1278328071992	29884	29505	29936	13475	
1278328072093	29871	29497	29934	13481	
1278328072193	29863	29500	29927	13484	
1278328072294	29870	29495	29936	13483	
1278328072395	29873	29507	29939	13486	
1278328072496	29870	29491	29944	13483	
1278328072597	29867	29489	29932	13480	
1278328072697	29875	29502	29927	13480	
1278328072798	29873	29487	29927	13486	
1278328072898	29872	29487	29936	13486	
1278328072999	29884	29505	29952	13479	
1278328073099	29875	29487	29935	13484	
1278328073200	29884	29507	29944	13483	
1278328073301	29875	29500	29935	13484	
1278328073401	29871	29496	29935	13489	
1278328073502	29884	29507	29944	13486	
1278328073603	29884	29499	29944	13481	
1278328073704	29880	29505	29937	13479	
1278328073804	29884	29510	29937	13479	
1278328073904	29875	29500	29935	13486	
1278328074004	29871	29497	29934	13489	
1278328074104	29875	29500	29934	13488	
1278328074204	29884	29499	29944	13491	
1278328074304	29880	29497	29936	13488	
1278328074405	29881	29500	29939	13487	
1278328074505	29884	29505	29937	13487	
1278328074606	29884	29508	29937	13486	
1278328074707	29880	29499	29936	13495	
1278328074808	29884	29505	29936	13487	
1278328074909	29875	29496	29935	13488	
1278328075009	29870	29504	29952	13483	
1278328075110	29871	29497	29932	13488	
1278328075211	29863	29491	29935	13489	
1278328075311	29871	29505	29944	13483	
1278328075412	29871	29507	29944	13495	
1278328075513	29870	29495	29932	13483	
1278328075613	29871	29495	29948	13491	
1278328075714	29875	29504	29927	13476	
1278328075815	29875	29496	29934	13481	
1278328075915	29880	29505	29937	13479	
1278328076016	29870	29491	29952	13488	
1278328076116	29884	29507	29945	13487	
1278328076217	29886	29491	29944	13483	
1278328076318	29871	29504	29934	13487	
1278328076419	29871	29493	29935	13488	
1278328076519	29886	29505	29952	13491	
1278328076620	29871	29504	29934	13489	
1278328076721	29871	29501	29934	13488	
1278328076822	29871	29497	29934	13481	
1278328076922	29870	29505	29944	13488	
1278328077023	29868	29495	29932	13488	
1278328077123	29875	29500	29935	13496	
1278328077224	29884	29495	29937	13487	
1278328077325	29870	29505	29936	13491	
1278328077425	29862	29499	29932	13497	
1278328077526	29873	29504	29927	13496	
1278328077627	29873	29486	29927	13496	
1278328077727	29872	29496	29934	13496	
1278328077828	29863	29496	29935	13489	
1278328077929	29870	29497	29934	13491	
1278328078029	29884	29507	29937	13495	
1278328078130	29885	29506	29939	13495	
1278328078230	29880	29508	29939	13494	
1278328078331	29875	29496	29934	13488	
1278328078431	29880	29501	29927	13494	
1278328078532	29871	29491	29937	13495	
1278328078632	29871	29489	29932	13489	
1278328078733	29870	29507	29952	13495	
1278328078833	29873	29487	29937	13496	
1278328078934	29859	29487	29935	13496	
1278328079034	29870	29493	29935	13490	
1278328079135	29870	29505	29944	13497	
1278328079235	29859	29500	29927	13500	
1278328079336	29871	29497	29952	13496	
1278328079437	29870	29506	29944	13494	
1278328079537	29870	29495	29944	13507	
1278328079638	29872	29500	29932	13500	
1278328079738	29870	29491	29944	13491	
1278328079839	29880	29504	29939	13495	
1278328079939	29873	29500	29935	13500	
1278328080040	29870	29505	29944	13495	
1278328080140	29871	29497	29934	13497	
1278328080241	29873	29506	29937	13500	
1278328080342	29877	29504	29927	13506	
1278328080442	29872	29487	29933	13500	
1278328080543	29870	29505	29944	13495	
1278328080643	29863	29497	29952	13493	
1278328080744	29875	29496	29928	13488	
1278328080844	29870	29495	29952	13495	
1278328080945	29856	29495	29934	13499	
1278328081045	29870	29501	29932	13497	
1278328081146	29871	29496	29934	13496	
1278328081247	29871	29507	29937	13495	
1278328081347	29871	29495	29952	13495	
1278328081448	29871	29497	29934	13497	
1278328081548	29884	29507	29941	13504	
1278328081649	29868	29495	29944	13502	
1278328081749	29880	29496	29923	13496	
1278328081850	29880	29495	29937	13502	
1278328081951	29884	29495	29937	13495	
1278328082051	29863	29505	29944	13491	
1278328082152	29873	29495	29927	13502	
1278328082252	29880	29499	29927	13502	
1278328082353	29880	29507	29937	13495	
1278328082453	29863	29497	29935	13497	
1278328082554	29874	29495	29935	13491	
1278328082654	29863	29496	29935	13489	
1278328082755	29880	29495	29937	13495	
1278328082855	29873	29500	29931	13500	
1278328083056	29871	29489	29932	13497	
1278328083157	29863	29496	29934	13501	
1278328083257	29873	29500	29935	13505	
1278328083358	29870	29507	29945	13504	
1278328083458	29859	29500	29931	13506	
1278328083559	29870	29491	29944	13508	
1278328083660	29871	29491	29936	13499	
1278328083760	29875	29500	29935	13504	
1278328083861	29861	29497	29937	13507	
1278328083961	29859	29502	29927	13508	
1278328084062	29874	29500	29932	13504	
1278328084162	29880	29508	29937	13508	
1278328084263	29863	29496	29934	13506	
1278328084363	29868	29496	29934	13499	
1278328084464	29861	29506	29927	13508	
1278328084565	29871	29507	29937	13510	
1278328084665	29880	29495	29925	13507	
1278328084766	29872	29496	29932	13512	
1278328084866	29870	29505	29936	13504	
1278328084967	29872	29504	29937	13508	
1278328085168	29870	29504	29944	13502	
1278328085269	29880	29495	29921	13501	
1278328085370	29873	29496	29927	13506	
1278328085470	29867	29500	29934	13508	
1278328085571	29871	29504	29960	13504	
1278328085672	29872	29496	29927	13508	
1278328085772	29870	29496	29944	13504	
1278328085873	29870	29504	29939	13508	
1278328085974	29884	29500	29934	13495	
1278328086075	29861	29498	29927	13508	
1278328086175	29870	29493	29952	13506	
1278328086276	29874	29496	29934	13504	
1278328086376	29880	29497	29934	13505	
1278328086477	29880	29504	29937	13495	
1278328086578	29872	29486	29927	13502	
1278328086678	29871	29496	29944	13504	
1278328086779	29870	29504	29944	13509	
1278328086880	29870	29511	29944	13506	
1278328086980	29871	29496	29932	13512	
1278328087081	29871	29497	29932	13512	
1278328087181	29870	29497	29934	13502	
1278328087282	29884	29491	29944	13512	
1278328087382	29873	29487	29937	13506	
1278328087483	29863	29496	29934	13513	
1278328087583	29870	29505	29952	13506	
1278328087684	29880	29505	29937	13507	
1278328087784	29873	29500	29934	13516	
1278328087885	29882	29504	29944	13505	
1278328087986	29875	29491	29944	13511	
1278328088086	29873	29500	29934	13515	
1278328088187	29880	29500	29927	13516	
1278328088287	29863	29496	29934	13501	
1278328088388	29871	29498	29948	13507	
1278328088488	29884	29495	29944	13511	
1278328088589	29871	29491	29944	13511	
1278328088690	29870	29491	29944	13507	
1278328088790	29871	29491	29944	13507	
1278328088891	29870	29491	29944	13507	
1278328088991	29880	29496	29946	13513	
1278328089092	29873	29508	29937	13516	
1278328089192	29863	29496	29934	13507	
1278328089293	29873	29500	29927	13508	
1278328089394	29873	29487	29935	13518	
1278328089494	29873	29487	29927	13518	
1278328089595	29872	29487	29937	13518	
1278328089695	29880	29505	29939	13511	
1278328089796	29873	29500	29934	13518	
1278328089897	29886	29502	29927	13519	
1278328089997	29855	29497	29934	13512	
1278328090098	29875	29487	29935	13516	
1278328090198	29872	29489	29927	13513	
1278328090299	29872	29503	29923	13519	
1278328090399	29869	29500	29948	13517	
1278328090500	29884	29505	29936	13511	
1278328090601	29873	29487	29939	13511	
1278328090701	29873	29504	29927	13511	
1278328090802	29880	29504	29927	13510	
1278328090903	29872	29493	29934	13512	
1278328091003	29873	29500	29935	13524	
1278328091104	29880	29499	29936	13519	
1278328091204	29870	29495	29937	13520	
1278328091305	29854	29500	29944	13524	
1278328091405	29871	29491	29944	13521	
1278328091506	29872	29504	29927	13516	
1278328091606	29888	29493	29935	13513	
1278328091707	29880	29504	29927	13518	
1278328091808	29863	29500	29933	13520	
1278328092009	29871	29504	29937	13521	
1278328092109	29871	29496	29935	13513	
1278328092210	29859	29500	29927	13519	
1278328092311	29870	29499	29944	13515	
1278328092411	29880	29487	29931	13524	
1278328092512	29880	29505	29945	13511	
1278328092612	29859	29500	29933	13516	
1278328092713	29880	29502	29939	13526	
1278328092813	29859	29496	29932	13520	
1278328092914	29872	29487	29935	13516	
1278328093015	29871	29489	29935	13521	
1278328093115	29896	29491	29944	13523	
1278328093216	29864	29495	29923	13519	
1278328093316	29868	29496	29944	13514	
1278328093417	29863	29496	29934	13521	
1278328093517	29870	29495	29945	13519	
1278328093618	29875	29487	29927	13528	
1278328093718	29872	29495	29937	13523	
1278328093819	29863	29496	29934	13521	
1278328093920	29870	29507	29945	13527	
1278328094020	29870	29507	29944	13523	
1278328094121	29873	29496	29935	13520	
1278328094221	29876	29495	29929	13527	
1278328094322	29873	29508	29939	13526	
1278328094423	29873	29487	29923	13519	
1278328094523	29873	29496	29927	13519	
1278328094624	29873	29502	29936	13526	
1278328094725	29863	29489	29934	13521	
1278328094927	29870	29491	29952	13520	
1278328095027	29874	29500	29932	13528	
1278328095128	29880	29503	29936	13527	
1278328095229	29863	29496	29935	13528	
1278328095330	29859	29500	29934	13532	
1278328095431	29872	29495	29921	13527	
1278328095532	29870	29507	29937	13527	
1278328095732	29871	29496	29935	13528	
1278328095833	29872	29496	29934	13529	
1278328095933	29863	29497	29934	13528	
1278328096034	29873	29500	29933	13532	
1278328096135	29872	29496	29934	13520	
1278328096235	29880	29495	29923	13526	
1278328096336	29859	29496	29935	13524	
1278328096436	29868	29495	29921	13527	
1278328096537	29880	29487	29939	13519	
1278328096637	29880	29504	29937	13527	
1278328096738	29870	29491	29944	13523	
1278328096838	29870	29491	29944	13519	
1278328096939	29870	29491	29939	13519	
1278328097039	29875	29500	29932	13528	
1278328097140	29866	29497	29934	13529	
1278328097241	29870	29496	29937	13528	
1278328097341	29868	29493	29940	13530	
1278328097442	29863	29496	29934	13528	
1278328097542	29870	29491	29944	13528	
1278328097643	29871	29497	29934	13529	
1278328097744	29869	29493	29933	13528	
1278328097844	29873	29496	29934	13532	
1278328097945	29875	29496	29932	13530	
1278328098045	29869	29497	29934	13529	
1278328098146	29884	29495	29937	13527	
1278328098247	29873	29504	29927	13528	
1278328098347	29873	29508	29937	13532	
1278328098448	29880	29487	29939	13532	
1278328098548	29871	29497	29935	13528	
1278328098649	29870	29507	29945	13527	
1278328098750	29880	29500	29936	13534	
1278328098850	29870	29491	29932	13523	
1278328098951	29863	29496	29934	13528	
1278328099051	29873	29504	29937	13527	
1278328099152	29873	29500	29934	13532	
1278328099252	29880	29487	29936	13519	
1278328099353	29868	29496	29934	13531	
1278328099453	29873	29487	29927	13534	
1278328099554	29863	29496	29934	13536	
1278328099655	29857	29502	29937	13540	
1278328099755	29863	29496	29934	13531	
1278328099856	29859	29500	29935	13532	
1278328099956	29873	29487	29937	13536	
1278328100057	29875	29502	29927	13534	
1278328100157	29863	29496	29944	13529	
1278328100257	29868	29495	29939	13537	
1278328100358	29870	29495	29944	13531	
1278328100458	29872	29502	29927	13534	
1278328100559	29871	29497	29935	13529	
1278328100660	29889	29496	29934	13529	
1278328100760	29863	29500	29934	13544	
1278328100861	29870	29505	29944	13537	
1278328100961	29880	29495	29937	13543	
1278328101062	29885	29502	29937	13535	
1278328101163	29863	29496	29934	13536	
1278328101263	29870	29505	29936	13539	
1278328101364	29880	29506	29939	13534	
1278328101464	29873	29487	29935	13532	
1278328101565	29863	29496	29934	13532	
1278328101666	29873	29491	29937	13539	
1278328101766	29870	29507	29952	13539	
1278328101867	29863	29491	29944	13539	
1278328101967	29863	29496	29948	13536	
1278328102068	29868	29491	29937	13543	
1278328102168	29875	29496	29934	13544	
1278328102269	29863	29500	29934	13544	
1278328102369	29863	29496	29934	13544	
1278328102470	29870	29505	29941	13543	
1278328102571	29863	29500	29934	13544	
1278328102671	29870	29495	29936	13543	
1278328102772	29868	29495	29937	13543	
1278328102872	29864	29496	29934	13544	
1278328102973	29871	29495	29944	13545	
1278328103073	29872	29487	29936	13542	
1278328103174	29869	29506	29937	13542	
1278328103275	29884	29496	29935	13535	
1278328103375	29854	29491	29934	13536	
1278328103476	29863	29496	29934	13545	
1278328103576	29884	29495	29937	13540	
1278328103677	29872	29495	29936	13537	
1278328103777	29870	29495	29937	13541	
1278328103878	29863	29496	29934	13537	
1278328103978	29871	29496	29944	13545	
1278328104079	29872	29507	29939	13543	
1278328104179	29862	29496	29935	13538	
1278328104280	29870	29489	29935	13537	
1278328104381	29863	29495	29934	13543	
1278328104481	29873	29487	29927	13544	
1278328104582	29867	29497	29935	13547	
1278328104682	29873	29487	29927	13548	
1278328104783	29872	29495	29936	13543	
1278328104883	29870	29493	29940	13544	
1278328104984	29873	29487	29939	13550	
1278328105084	29867	29493	29933	13548	
1278328105185	29863	29487	29934	13558	
1278328105286	29870	29500	29944	13552	
1278328105386	29863	29500	29934	13544	
1278328105487	29870	29491	29944	13543	
1278328105587	29872	29487	29927	13544	
1278328105688	29867	29497	29948	13545	
1278328105789	29872	29499	29936	13543	
1278328105889	29868	29495	29923	13539	
1278328105990	29862	29497	29934	13553	
1278328106091	29880	29503	29936	13551	
1278328106191	29868	29504	29937	13542	
1278328106292	29873	29502	29927	13550	
1278328106392	29872	29496	29937	13543	
1278328106493	29863	29496	29934	13538	
1278328106593	29873	29484	29935	13548	
1278328106694	29880	29487	29937	13543	
1278328106794	29863	29497	29934	13545	
1278328106895	29870	29493	29944	13539	
1278328106995	29859	29507	29935	13543	
1278328107096	29872	29505	29945	13543	
1278328107196	29868	29500	29935	13548	
1278328107297	29859	29500	29934	13552	
1278328107397	29872	29500	29923	13550	
1278328107498	29873	29501	29936	13550	
1278328107599	29873	29493	29932	13547	
1278328107699	29863	29496	29930	13552	
1278328107800	29870	29495	29936	13554	
1278328107900	29871	29491	29944	13547	
1278328108001	29870	29495	29944	13550	
1278328108101	29859	29496	29934	13552	
1278328108202	29859	29500	29935	13551	
1278328108302	29872	29506	29936	13542	
1278328108403	29855	29495	29944	13555	
1278328108504	29854	29493	29935	13544	
1278328108604	29863	29496	29935	13560	
1278328108705	29861	29489	29932	13545	
1278328108805	29880	29495	29936	13550	
1278328108906	29863	29496	29934	13552	
1278328109006	29880	29504	29937	13543	
1278328109107	29873	29496	29935	13552	
1278328109207	29873	29487	29935	13550	
1278328109308	29868	29489	29935	13553	
1278328109408	29859	29505	29927	13551	
1278328109509	29863	29496	29934	13545	
1278328109609	29859	29496	29935	13552	
1278328109710	29863	29496	29944	13552	
1278328109810	29873	29502	29923	13558	
1278328109911	29872	29500	29934	13561	
1278328110012	29863	29496	29935	13552	
1278328110112	29863	29496	29934	13560	
1278328110213	29880	29494	29927	13558	
1278328110313	29868	29495	29941	13557	
1278328110414	29869	29496	29932	13549	
1278328110514	29870	29496	29935	13552	
1278328110615	29863	29496	29934	13555	
1278328110715	29859	29487	29935	13560	
1278328110816	29870	29504	29944	13560	
1278328110916	29863	29500	29935	13564	
1278328111016	29864	29489	29934	13561	
1278328111117	29868	29491	29944	13555	
1278328111217	29863	29506	29934	13559	
1278328111318	29875	29500	29935	13560	
1278328111418	29873	29487	29923	13558	
1278328111519	29880	29494	29937	13558	
1278328111619	29863	29491	29932	13561	
1278328111720	29868	29505	29937	13559	
1278328111820	29857	29500	29927	13564	
1278328111921	29863	29496	29934	13560	
1278328112021	29880	29495	29936	13559	
1278328112122	29873	29486	29940	13560	
1278328112222	29873	29495	29937	13551	
1278328112323	29870	29497	29948	13561	
1278328112423	29863	29496	29934	13564	
1278328112524	29870	29489	29944	13555	
1278328112624	29868	29491	29937	13551	
1278328112725	29868	29504	29937	13563	
1278328112825	29866	29502	29931	13564	
1278328112926	29870	29491	29952	13561	
1278328113027	29872	29500	29932	13576	
1278328113127	29859	29496	29927	13560	
1278328113228	29870	29507	29945	13555	
1278328113328	29863	29496	29935	13552	
1278328113429	29859	29500	29927	13564	
1278328113529	29868	29491	29944	13555	
1278328113630	29863	29499	29937	13559	
1278328113731	29873	29486	29927	13566	
1278328113831	29870	29499	29944	13563	
1278328113932	29872	29500	29927	13564	
1278328114033	29857	29506	29939	13566	
1278328114133	29880	29504	29936	13551	
1278328114234	29863	29484	29934	13560	
1278328114334	29859	29496	29934	13560	
1278328114435	29870	29506	29937	13559	
1278328114535	29884	29495	29937	13559	
1278328114636	29868	29496	29944	13560	
1278328114737	29880	29487	29927	13559	
1278328114837	29859	29500	29932	13564	
1278328114938	29859	29486	29935	13572	
1278328115039	29869	29496	29934	13561	
1278328115139	29863	29502	29937	13572	
1278328115240	29859	29500	29934	13568	
1278328115340	29873	29498	29936	13566	
1278328115441	29871	29496	29934	13576	
1278328115541	29870	29491	29944	13567	
1278328115642	29880	29491	29944	13559	
1278328115742	29855	29489	29940	13561	
1278328115843	29872	29495	29937	13567	
1278328115943	29873	29503	29927	13575	
1278328116044	29871	29491	29936	13567	
1278328116144	29870	29489	29944	13569	
1278328116245	29868	29489	29935	13563	
1278328116346	29861	29498	29936	13566	
1278328116446	29863	29500	29934	13576	
1278328116547	29863	29497	29934	13569	
1278328116647	29863	29484	29934	13572	
1278328116748	29871	29491	29944	13563	
1278328116949	29872	29496	29935	13568	
1278328117050	29868	29495	29937	13566	
1278328117150	29863	29489	29932	13568	
1278328117251	29859	29500	29926	13575	
1278328117351	29863	29496	29934	13568	
1278328117452	29880	29495	29937	13565	
1278328117552	29866	29489	29934	13568	
1278328117653	29871	29495	29939	13567	
1278328117754	29863	29496	29934	13563	
1278328117854	29859	29496	29935	13564	
1278328117955	29865	29496	29932	13569	
1278328118055	29873	29504	29937	13566	
1278328118156	29864	29495	29937	13567	
1278328118256	29870	29491	29944	13559	
1278328118357	29863	29491	29948	13563	
1278328118457	29863	29505	29934	13567	
1278328118558	29872	29484	29931	13572	
1278328118659	29868	29491	29944	13566	
1278328118759	29868	29495	29937	13566	
1278328118860	29868	29495	29936	13567	
1278328118960	29870	29495	29952	13569	
1278328119061	29880	29486	29927	13566	
1278328119161	29872	29489	29940	13561	
1278328119262	29862	29496	29935	13576	
1278328119463	29859	29486	29927	13572	
1278328119564	29863	29496	29934	13568	
1278328119664	29870	29489	29944	13569	
1278328119765	29859	29487	29935	13572	
1278328119865	29872	29494	29936	13567	
1278328119966	29870	29495	29937	13575	
1278328120067	29857	29487	29937	13575	
1278328120167	29873	29487	29939	13567	
1278328120268	29872	29487	29923	13571	
1278328120368	29873	29504	29937	13574	
1278328120469	29855	29489	29952	13569	
1278328120570	29854	29489	29932	13569	
1278328120670	29861	29498	29939	13567	
1278328120771	29868	29495	29937	13567	
1278328120871	29870	29491	29952	13571	
1278328120972	29872	29495	29937	13575	
1278328121072	29859	29487	29939	13575	
1278328121173	29857	29487	29939	13580	
1278328121273	29863	29496	29935	13577	
1278328121374	29870	29489	29944	13563	
1278328121475	29872	29487	29927	13582	
1278328121575	29870	29491	29941	13567	
1278328121676	29863	29500	29930	13584	
1278328121776	29868	29491	29944	13575	
1278328121877	29872	29486	29927	13580	
1278328121977	29863	29495	29934	13575	
1278328122078	29859	29500	29935	13580	
1278328122178	29859	29500	29935	13580	
1278328122279	29880	29506	29937	13567	
1278328122379	29880	29506	29936	13574	
1278328122480	29880	29487	29937	13583	
1278328122580	29870	29491	29944	13567	
1278328122681	29873	29496	29937	13577	
1278328122782	29863	29496	29934	13584	
1278328122882	29872	29487	29927	13582	
1278328122983	29870	29504	29944	13575	
1278328123083	29868	29491	29937	13574	
1278328123184	29880	29495	29939	13583	
1278328123284	29863	29496	29934	13576	
1278328123385	29859	29487	29935	13588	
1278328123486	29861	29496	29934	13580	
1278328123586	29863	29489	29935	13577	
1278328123687	29872	29500	29927	13592	
1278328123787	29864	29495	29937	13591	
1278328123888	29859	29496	29934	13584	
1278328123988	29863	29495	29944	13575	
1278328124089	29863	29496	29934	13584	
1278328124189	29863	29500	29934	13592	
1278328124290	29863	29486	29930	13579	
1278328124390	29863	29496	29932	13585	
1278328124491	29870	29495	29937	13583	
1278328124592	29868	29491	29952	13575	
1278328124692	29870	29495	29952	13583	
1278328124893	29863	29496	29935	13584	
1278328124994	29880	29495	29936	13582	
1278328125094	29872	29499	29937	13583	
1278328125195	29859	29496	29934	13579	
1278328125295	29862	29487	29927	13583	
1278328125396	29857	29496	29932	13584	
1278328125497	29863	29496	29934	13584	
1278328125597	29859	29486	29927	13592	
1278328125698	29873	29501	29939	13593	
1278328125798	29868	29491	29941	13585	
1278328125899	29855	29496	29932	13584	
1278328126000	29870	29497	29948	13581	
1278328126100	29872	29500	29939	13590	
1278328126201	29872	29495	29937	13583	
1278328126301	29880	29495	29945	13587	
1278328126402	29880	29495	29937	13592	
1278328126502	29868	29491	29944	13575	
1278328126603	29857	29487	29927	13582	
1278328126704	29868	29491	29939	13585	
1278328126804	29863	29496	29952	13585	
1278328126905	29854	29489	29944	13577	
1278328127006	29868	29491	29939	13587	
1278328127106	29872	29495	29936	13591	
1278328127207	29859	29500	29927	13584	
1278328127307	29868	29491	29944	13585	
1278328127408	29862	29496	29935	13594	
1278328127508	29872	29495	29927	13591	
1278328127609	29880	29491	29937	13583	
1278328127709	29864	29489	29935	13590	
1278328127810	29863	29496	29934	13592	
1278328127910	29862	29491	29948	13587	
1278328128011	29872	29504	29939	13575	
1278328128112	29870	29491	29944	13587	
1278328128212	29870	29491	29944	13592	
1278328128313	29868	29495	29944	13591	
1278328128413	29869	29496	29935	13592	
1278328128514	29868	29487	29952	13591	
1278328128615	29870	29491	29944	13590	
1278328128715	29870	29491	29932	13593	
1278328128916	29859	29487	29927	13594	
1278328129017	29870	29491	29944	13587	
1278328129117	29868	29495	29937	13591	
1278328129218	29855	29489	29944	13587	
1278328129318	29854	29496	29935	13592	
1278328129419	29872	29487	29927	13591	
1278328129520	29863	29500	29934	13596	
1278328129620	29859	29484	29935	13592	
1278328129721	29862	29496	29935	13593	
1278328129821	29859	29500	29930	13593	
1278328129922	29863	29496	29934	13592	
1278328130022	29872	29498	29936	13591	
1278328130123	29857	29502	29927	13598	
1278328130223	29870	29493	29944	13579	
1278328130324	29872	29487	29939	13591	
1278328130425	29872	29495	29929	13591	
1278328130525	29857	29487	29927	13596	
1278328130626	29863	29500	29934	13593	
1278328130726	29859	29487	29941	13604	
1278328130827	29859	29500	29927	13603	
1278328130927	29868	29495	29944	13596	
1278328131028	29863	29488	29952	13592	
1278328131129	29872	29486	29935	13596	
1278328131229	29872	29487	29939	13599	
1278328131330	29870	29489	29944	13587	
1278328131430	29872	29479	29937	13591	
1278328131531	29872	29495	29936	13597	
1278328131631	29859	29496	29935	13596	
1278328131732	29870	29491	29936	13603	
1278328131832	29870	29489	29934	13601	
1278328131933	29870	29491	29944	13595	
1278328132033	29870	29491	29944	13595	
1278328132134	29863	29496	29956	13593	
1278328132235	29868	29489	29944	13595	
1278328132335	29872	29486	29935	13598	
1278328132436	29863	29496	29930	13598	
1278328132536	29860	29496	29946	13600	
1278328132637	29861	29504	29936	13598	
1278328132738	29859	29496	29935	13601	
1278328132838	29872	29491	29927	13600	
1278328132939	29859	29486	29927	13599	
1278328133039	29870	29505	29952	13595	
1278328133140	29854	29491	29936	13595	
1278328133240	29872	29487	29937	13603	
1278328133341	29872	29487	29935	13598	
1278328133442	29872	29487	29937	13601	
1278328133542	29862	29491	29935	13601	
1278328133643	29854	29497	29932	13600	
1278328133743	29857	29500	29927	13598	
1278328133844	29855	29491	29944	13602	
1278328133944	29873	29487	29937	13606	
1278328134045	29863	29487	29932	13608	
1278328134146	29870	29491	29936	13596	
1278328134246	29859	29500	29927	13599	
1278328134347	29859	29487	29935	13604	
1278328134447	29868	29491	29944	13600	
1278328134548	29861	29497	29935	13601	
1278328134649	29873	29486	29937	13598	
1278328134749	29873	29487	29939	13599	
1278328134850	29859	29500	29933	13608	
1278328134951	29870	29491	29943	13601	
1278328135051	29863	29496	29935	13608	
1278328135152	29868	29495	29945	13607	
1278328135252	29868	29497	29937	13601	
1278328135353	29857	29500	29927	13599	
1278328135453	29859	29487	29927	13604	
1278328135554	29864	29487	29923	13599	
1278328135654	29857	29486	29927	13598	
1278328135755	29880	29494	29937	13604	
1278328135856	29855	29491	29935	13595	
1278328135956	29873	29496	29935	13608	
1278328136057	29872	29487	29923	13602	
1278328136157	29859	29486	29935	13612	
1278328136258	29859	29494	29937	13604	
1278328136358	29870	29491	29944	13611	
1278328136459	29859	29486	29927	13608	
1278328136560	29870	29491	29944	13603	
1278328136660	29868	29506	29937	13606	
1278328136761	29870	29489	29944	13609	
1278328136861	29868	29487	29935	13612	
1278328136962	29859	29487	29935	13614	
1278328137063	29870	29489	29944	13603	
1278328137163	29863	29500	29934	13608	
1278328137264	29870	29489	29944	13603	
1278328137364	29863	29489	29934	13601	
1278328137465	29859	29495	29934	13611	
1278328137565	29873	29487	29937	13607	
1278328137666	29861	29489	29932	13608	
1278328137767	29873	29487	29927	13607	
1278328137867	29872	29487	29936	13614	
1278328137968	29880	29495	29937	13607	
1278328138068	29872	29495	29937	13613	
1278328138169	29862	29496	29934	13607	
1278328138269	29873	29487	29927	13607	
1278328138370	29863	29496	29935	13608	
1278328138470	29880	29487	29939	13607	
1278328138571	29857	29487	29935	13608	
1278328138671	29862	29489	29934	13609	
1278328138772	29859	29484	29934	13608	
1278328138872	29870	29491	29944	13603	
1278328138973	29872	29487	29927	13614	
1278328139073	29873	29496	29939	13606	
1278328139174	29872	29487	29937	13607	
1278328139275	29872	29496	29934	13616	
1278328139375	29857	29500	29927	13620	
1278328139476	29872	29499	29937	13615	
1278328139576	29868	29489	29932	13611	
1278328139677	29872	29491	29937	13616	
